-412
-841
-144
-586
910
567
1716
71
482
-143
-1644
2
-264
-62
-378
243
-1061
-1140
10
2583
-678
239
626
-552
116
-176
712
725
549
2773
-958
-466
-510
915
160
-65
-283
244
450
867
320
231
286
-1018
228
925
-1379
550
385
709
-934
-700
747
-153
-23
-367
321
-2111
633
394
-267
-1506
257
196
1044
355
526
-630
-223
-147
1108
1545
-426
-1203
-108
2331
108
-738
-742
990
1338
157
-349
-1425
-810
-519
-1829
890
-801
-943
-2135
-356
-2051
-13
-1664
556
-1152
-843
-1126
717
-297
694
-866
1070
1176
99
-960
-264
567
-1765
-715
1102
89
131
838
1456
-2500
-1026
211
395
-18
-1093
181
1066
-1494
1932
-1163
72
1419
-170
440
-28
1706
255
-770
428
-1229
-960
-1454
1422
1390
-453
-1087
-1
-1444
574
59
-978
876
887
-53
1925
-508
-1175
429
782
409
207
1719
1280
834
-542
732
-1260
68
-642
328
-876
102
1510
1152
387
-915
-8
-1470
1058
-1086
255
1031
-853
-1473
1306
-672
1427
-72
479
-683
-1137
686
562
136
1087
446
-1250
-214
-318
1039
-1108
1072
1302
-1094
981
-388
-346
-1370
1297
950
1127
-842
-661
1160
1163
-809
-441
305
-591
2445
392
-213
-2164
3256
-540
-691
4
-792
-717
-282
-65
891
230
-1079
-1453
1501
489
-208
-252
1311
496
731
1027
77
-1950
-100
-175
1548
155
530
1588
-31
-1966
-935
-1269
-684
1126
1087
1273
1305
-114
-302
376
-1122
-224
291
-165
-1610
-779
853
97
-720
1018
948
1773
1094
1621
-315
959
-90
425
820
-1029
537
-286
1285
641
-280
1254
135
0
-402
662
-243
41
327
-494
267
529
-2281
-340
-1137
2424
922
633
1820
518
67
578
-401
-1336
-1539
-1673
-1654
383
305
952
-717
-277
-559
34
-44
1332
-58
910
-351
-167
372
153
-1169
204
-236
553
-284
198
-551
-2171
1055
-484
800
-835
-800
-2213
-1030
529
-184
-655
-497
189
-996
-1184
19
82
1160
-511
-549
-1483
-535
-804
-591
389
-504
-946
1250
-865
-334
729
752
198
964
-825
76
835
-1442
827
-995
1274
105
754
495
-410
-805
333
-125
341
-342
-84
-2615
500
-30
-1419
-914
71
-288
761
446
-1196
-327
-33
757
-786
1757
317
-379
-997
786
-791
-539
-633
729
582
1862
-711
793
-512
-518
74
191
-380
-111
-1537
-1713
674
1077
-40
2162
992
851
1680
-287
376
-441
-1012
-565
-861
-271
446
-543
-209
986
1642
-651
-84
44
-1292
-245
-124
-113
179
2512
284
-582
-1773
1885
66
-660
-673
360
354
1254
-1728
-347
267
-1353
309
-201
42
1760
506
627
-92
-374
763
-487
-138
410
1034
-837
-283
-434
-338
-2034
-222
-699
798
238
1316
2538
-633
623
1124
-352
2376
-877
341
467
709
-1188
-1506
-766
517
853
778
-1344
133
-16
-2326
37
462
-1317
-928
612
873
-853
413
-986
1092
710
776
-301
-1075
-1340
-761
318
-806
-505
-872
2276
-156
728
-1175
-207
-245
-313
-312
-1542
-31
658
1298
-2058
1134
1788
521
-2506
2018
2827
864
483
1460
1975
935
682
-1081
-204
1241
1400
-136
769
763
-1000
-1154
-725
-2498
992
-990
148
1536
-115
155
-1294
2855
-451
-881
-337
-641
62
-388
182
-326
-1372
-2244
-1948
-1462
922
528
1672
262
-1435
-71
-148
-1562
-596
1005
-1669
-1079
-725
-31
-179
594
389
-2052
632
-1217
-471
-892
-28
1760
1168
310
-511
-3167
-1300
1172
2192
421
545
419
1077
695
1607
-754
1500
1377
-912
245
810
-1294
318
1557
-600
-1516
-223
-474
342
233
-241
-979
-1002
630
-1317
-1013
-377
-2133
228
-1056
-812
-190
445
-364
-1911
-701
-1168
1889
836
2546
771
799
1242
-167
-635
559
-253
156
548
718
258
-454
83
-1446
-1080
49
-570
23
-558
999
-30
-1209
179
1134
690
-747
-1285
-1111
126
-86
-810
-1130
266
-2215
-90
-1005
-1315
57
-675
1276
-2043
125
-128
1395
1001
1401
-142
1292
1854
-423
389
-106
538
-735
643
-703
295
256
-125
2076
-454
-1723
974
-1516
-111
374
-695
-861
-1290
71
433
-2557
348
-973
1375
1379
222
371
3293
451
1199
-1101
1223
101
-1071
1199
-2645
-628
-1233
-796
-308
1192
422
153
-1514
331
-122
-1460
719
-79
-681
498
-58
-886
-4
1205
673
1415
1675
250
-904
-837
126
-1334
698
1077
-152
532
482
2059
-1525
-824
1915
519
385
-949
-478
596
-394
-1021
1548
-1602
805
-451
-1261
-381
-146
-904
213
83
886
-1976
-762
1097
-209
193
416
942
973
-355
671
-412
498
-1116
-903
357
1899
1210
118
245
-781
-1389
1371
1011
68
39
-1001
-1335
2460
-853
458
-62
1277
-174
367
1938
1164
191
-524
41
-275
587
-1633
-1124
-661
-626
-88
-1750
-1088
39
1715
-1802
-217
634
-1140
-466
1598
-750
1276
-1049
68
883
-233
-13
1137
-363
-956
907
-1790
-2047
2045
90
-1254
412
853
-1022
811
-24
932
209
230
-248
-327
1778
-437
-1152
8
80
-1768
507
333
-254
1180
-404
-528
-187
-17
965
-594
-134
-13
263
-1660
1139
1586
-512
38
569
-1668
20
570
-333
450
657
57
514
-736
-708
-268
354
-1474
128
168
-190
1481
1221
-1328
-331
398
-97
2450
1670
12
815
-1831
598
2224
656
796
-456
1058
-1889
640
-247
-227
867
927
495
-971
112
212
642
296
105
-1092
633
513
-175
-316
-1001
69
163
738
863
24
-142
-138
618
-1004
-1465
498
89
661
1020
424
876
-1314
713
-1441
-1205
-1738
-2390
1342
408
-495
1241
901
466
172
283
-1600
-1070
1496
1379
230
860
-237
926
-1918
-2168
2505
270
-960
670
1426
-279
442
845
