-257
-91
687
-2446
1493
109
750
-49
1485
327
408
-727
-771
1738
1032
8
1774
-1250
-1124
-410
-1911
-603
-1875
-1067
-93
134
1467
25
-928
-767
37
1056
704
724
-42
-1410
849
542
195
2027
-480
426
-589
-1206
958
405
127
888
276
-1287
-1491
538
835
-949
-347
736
-411
253
490
-190
182
-1899
251
-711
-761
1096
650
-853
-852
-1713
13
-451
271
-618
-1301
-243
-251
-555
-490
-449
-1178
-334
-1456
757
-743
-481
-516
172
-277
-1222
1393
354
-622
1614
-628
-1042
-230
-1514
-121
223
-733
383
489
954
285
308
-74
-621
-1887
723
834
-759
-81
-1256
560
1361
-183
1389
1235
-1261
-690
308
-739
-815
1824
616
-1579
-523
1294
133
605
917
-1409
-424
-379
42
1032
-1584
-1202
-299
-573
-1572
-426
108
480
-40
431
35
1025
667
6
-157
-1387
1249
-112
-1945
-1828
-1197
-1740
388
-100
-266
-980
1002
567
257
-2366
-224
133
917
-484
267
1148
839
-1140
64
840
-1058
-371
792
-1419
-2015
1118
-219
-688
-145
705
-570
-937
-590
2349
897
-819
123
-569
-2154
-1638
1459
-1028
806
1038
184
-172
-584
804
243
-925
-214
-232
449
-52
-1202
527
1272
1271
-228
835
592
-1638
614
-381
-851
-838
1434
8
-1004
1089
-899
-347
102
1431
-83
-745
-167
279
35
1249
336
-166
619
-1875
-272
1182
-357
1465
-199
399
707
-1183
-759
-12
1446
1057
2203
977
-225
-705
1426
-723
-1412
-1926
929
680
-194
1005
-2050
442
-572
141
677
177
-364
-609
1031
-3214
-565
315
621
-170
849
-312
-1728
-282
-1234
672
-354
-393
-126
719
-523
1180
1250
-446
-1118
182
-1677
2093
-679
1014
-238
-1158
-2364
1196
-554
788
-606
-1330
2189
371
641
114
541
1142
-576
501
-577
898
-1162
-329
-507
-857
-1008
694
-17
607
-448
-600
1867
-78
1887
2281
-1682
-19
454
1689
1048
154
591
-41
-434
-2437
-160
575
-139
994
589
-433
-1199
-560
-81
-540
16
-1937
-561
-1295
-491
-812
-98
-1622
904
448
1849
-191
1097
-1075
-1508
612
1854
686
116
-645
-1526
-1361
1247
-530
-613
-675
627
-1513
-1213
900
402
-2603
588
-1408
-176
724
-676
1112
293
-975
-851
-153
-21
1142
255
291
117
-96
1554
-390
-596
662
289
686
-461
-1549
-336
-37
156
406
-1485
-1067
343
-914
-586
-610
1072
-673
-18
310
482
1404
0
-442
-2226
470
666
-75
-51
-1394
-245
-1572
-536
551
-118
111
1169
1145
11
-722
-2233
-1463
541
-183
882
650
-3498
1318
1089
-293
-260
-717
-179
-231
562
-50
-830
741
832
-1485
-1166
570
351
451
1460
100
-143
1617
1534
1391
65
-276
-1079
-1044
1561
155
-250
232
920
-456
143
-1171
863
-490
465
191
288
894
-1140
-908
-1106
-269
-688
851
-2359
1171
-1449
-1019
-36
-1230
-697
1115
-736
-15
500
-1637
1224
-2606
101
551
-138
344
-46
55
-1236
2875
-897
1799
267
-1469
307
-657
-1274
953
-518
-600
-128
-1321
219
940
-1844
251
1666
-17
-64
-1117
-877
-987
865
317
808
-1272
523
-347
-1389
-370
113
1454
-32
570
-1050
1422
629
1796
120
-357
-1790
-1688
313
358
1466
1499
33
1091
1742
304
1130
-108
283
-985
-1774
342
-127
-641
519
-363
2771
-259
470
496
192
-572
151
1059
1358
-186
612
-474
194
1058
-559
554
794
110
-368
-776
-808
-231
-20
794
-342
-595
-516
-2399
1608
-201
-141
-227
32
-489
-366
516
380
745
1120
23
-374
-262
-2302
-1308
1163
-269
-1326
1383
-239
-551
-818
1020
1245
-9
649
-529
-738
568
2630
-149
-216
797
158
-312
-537
-2311
925
504
-98
-2123
1351
-1841
-1231
108
283
1827
-1262
688
34
-692
-2604
98
211
-319
-1196
-1591
-1064
-897
-543
-1648
-1525
1661
-824
1311
267
334
590
-345
1397
1744
-1034
1063
265
1825
-177
-3709
1904
476
679
-1567
-1588
989
285
-402
944
-701
1259
-1732
1052
-1476
858
334
926
-416
993
1374
1003
-428
1793
-1038
-456
845
-1599
391
712
-611
778
915
604
-1427
66
-102
-478
-509
2126
-759
-1557
-1292
-555
-1336
-1692
1763
1680
-1847
-3136
-965
234
-401
231
-157
504
421
1605
203
2103
1273
578
569
-1011
-849
-1646
1234
348
-1570
-90
248
-1349
964
2339
645
-878
-883
1095
-543
-974
-527
-678
360
-236
-892
1495
202
624
-1151
343
481
80
-124
2346
-962
1554
249
33
-744
-153
-2511
-912
860
-642
890
-733
-232
1459
135
-1200
1453
673
-291
8
291
1099
952
411
-240
-1573
-475
1424
-546
-612
122
-225
1018
-289
106
-1657
546
913
1767
732
624
-22
-315
-162
-752
-769
-439
0
-256
-21
-366
-688
722
237
-1770
667
-1413
-201
-3043
-2024
1476
-241
1446
-920
-535
-136
1174
-2203
193
-109
-266
161
1587
1226
634
2086
261
967
-310
17
-434
762
-510
-1106
878
-83
2107
-111
-1730
741
-420
-496
610
369
-780
-837
-1343
125
532
1473
-325
-507
-536
-364
907
-424
-72
2358
-527
311
100
1846
-281
463
323
-1125
-821
-4
-392
-124
2244
-972
1309
-680
-504
-362
51
-995
2239
575
368
-422
339
1753
-620
-82
-177
-411
-101
241
-300
-1946
-1205
337
1269
-895
815
1030
1144
-209
-1447
-819
818
66
151
-600
161
-1183
742
-65
1600
1574
-271
-1129
-1464
1672
1644
-541
-2291
1098
130
42
-800
52
-1503
-118
-954
-2123
333
1034
806
893
-743
592
1065
1226
470
400
379
652
-1684
-1386
-284
1233
624
-1689
871
-496
-2292
-367
-288
-412
1937
-945
-397
198
-863
328
197
-288
-575
1472
-308
766
1044
1533
368
795
-1773
218
-661
-515
2
281
131
-1822
166
89
2099
534
242
221
-586
375
191
-448
660
266
394
1081
591
213
965
303
1153
1125
-140
290
2
-670
-511
-461
-853
-637
297
-586
112
236
-43
-2159
-98
-944
1179
2415
-1440
-707
1677
238
1004
1181
-266
167
1004
-664
843
593
596
-754
-671
2396
31
-168
-1648
-623
-84
373
325
-671
688
-1593
875
575
163
516
-178
-23
496
266
198
459
239
-1016
-789
-198
360
892
-5
118
679
-1585
356
73
1118
1748
-1497
-1401
904
1268
-109
104
1383
-1393
-2579
154
-538
-1781
1198
1717
-346
-806
-2266
643
-1039
-1543
-1096
-1403
854
-79
306
1070
80
144
1008
1339
844
7
2251
-1801
597
-1323
-566
1618
1599
555
-1044
1424
1133
105
-63
181
131
-933
1154
841
522
2
-25
-1182
-202
110
579
1269
-2212
-1979
-14
1396
-480
1686
-338
-241
-425
-911
-9
-85
1146
316
-106
-466
-1964
892
-913
1647
263
-490
-1028
-1394
646
298
-597
963
799
138
-440
-638
274
-880
2132
-261
36
401
-1681
-364
-1385
711
-118
-2003
-420
-686
-242
459
-1673
429
1272
-1169
-288
-1772
-500
-294
-539
-1500
1176
13
-253
-460
-1682
799
959
1654
-146
-455
311
825
286
236
249
370
-2065
-32
2470
1242
888
214
-540
1005
-771
1595
-787
-1754
474
612
460
-1051
-321
1033
1515
551
-63
-613
214
-333
-1144
-1996
583
838
527
923
95
186
-17
57
-1202
280
-456
-106
-57
409
332
-1782
136
-424
63
1369
457
2084
-388
878
847
3224
-710
-373
1057
369
1178
-828
-361
881
72
525
398
-685
235
-494
-978
1345
745
713
-112
-80
-989
-431
466
1259
2358
1300
838
1181
94
-639
35
-204
-295
1020
-84
-511
-1237
1696
-464
-658
-1552
1329
1282
-635
1204
-1025
-1189
161
-40
335
1158
828
997
262
-572
144
900
1163
396
994
-673
1570
-6
943
-267
1688
-336
-542
-344
238
-926
-753
2678
-334
581
-1200
1097
-795
-1693
-769
-922
-328
-133
122
629
-890
-1821
-820
1736
-561
-828
288
-1268
-424
1925
-1589
397
756
594
-1280
-634
-631
488
-972
-1871
260
-351
889
-1600
232
-999
-631
513
-543
-461
-812
1002
-1233
1552
-1351
-695
564
934
388
-621
659
215
59
-1548
372
130
-36
2149
1571
-593
7
-266
1052
-259
-757
533
-336
981
669
-1040
-1523
-1041
812
692
522
-1099
-925
-630
277
34
177
1084
-2606
-580
1379
-1241
-1008
56
800
374
-46
1101
-357
-1319
-1612
16
-338
793
-266
1018
-1094
432
160
-1614
-630
-712
-209
1778
1390
-1225
-129
-141
-1068
1346
-1911
390
1002
-854
482
304
91
771
478
-1379
-575
-758
619
157
121
596
685
-737
-152
459
-1164
-779
1347
16
1452
988
1206
671
-1533
-2752
924
-445
-1344
33
524
-11
-1168
1365
914
508
-389
707
381
1360
458
1612
1023
-2568
-916
1202
-1404
-656
-101
-1297
-1880
-529
1327
1598
2097
-1550
-1689
-344
-181
1616
980
-134
2084
902
-294
1282
-460
1237
-2353
-1607
367
16
-1380
-89
-804
-9
420
-328
-226
-300
1329
691
-239
-491
396
186
187
1456
795
-172
639
-154
1007
545
-930
-798
123
-1165
-1812
-190
430
284
-1420
-536
-1077
-1834
338
-704
-536
79
-1276
861
1199
97
1150
1967
146
-2031
257
634
-1554
32
659
-292
-513
-12
1568
-1863
20
1187
446
-2007
1207
951
-1033
1300
-1433
-183
-161
230
-30
1606
-61
-234
840
1755
1732
273
-1423
139
813
1421
1183
-589
162
360
435
252
267
-598
742
688
737
-1398
821
-1562
1558
139
715
267
-1420
231
-1440
1137
-1440
-749
746
-1394
-3496
1152
-896
629
471
-949
-691
-457
-1891
701
253
-1012
-120
97
-962
867
-1461
579
-93
654
122
13
979
1313
131
-175
-691
-428
-1811
588
840
277
-205
-1603
1661
-608
139
-679
8
-695
-384
-1404
889
657
755
332
-377
-64
-637
-96
901
-1041
-908
-458
-2053
-1738
-1354
-682
893
327
-208
-500
-823
457
1836
1565
-1163
-1899
-687
264
-1705
-1050
-355
798
-787
264
-1034
1095
-2714
222
-1091
-951
356
-212
-1374
76
-1615
-67
671
-1243
924
-2483
322
-176
604
-446
1623
854
925
-54
334
944
1644
153
2542
-247
821
-426
816
-1585
132
-340
1098
232
-2356
-368
338
1526
-343
-355
-1102
-1188
1290
1056
-271
331
582
593
-807
-107
1353
166
498
-1042
30
-628
266
-559
922
830
-874
-123
441
508
1522
29
-240
60
-462
411
22
-1346
-1856
583
-757
134
-486
159
1507
551
545
1042
902
-315
1810
866
-225
198
-1126
363
-52
711
1406
-1104
458
227
-496
1130
-1309
-212
-484
7
873
-407
423
666
-1435
482
-476
-1156
163
-1056
219
-1143
-590
-612
-70
-627
-870
-156
645
184
-2079
-1729
1070
-1249
-937
700
27
-941
880
1297
786
-1035
-41
-278
1941
-1218
-22
-964
2338
-369
-1377
371
765
450
913
1012
-549
1113
436
-1439
63
486
276
-1181
473
-321
-744
-625
-410
907
-612
-350
817
699
-845
413
-828
606
318
995
1130
1250
25
518
-193
-1487
-11
-2057
-84
217
753
-390
-892
-594
976
-59
1263
-747
-852
509
-157
1002
-2337
1029
-501
-836
-93
509
77
600
-478
-15
1028
1860
-1132
293
964
-286
11
0
756
923
134
943
1230
270
-568
-124
-1001
-294
-307
607
1832
448
1551
-1363
-751
895
702
565
-1661
-874
-771
-576
-1921
213
1087
1254
1164
734
-6
659
-340
-1182
-1208
2242
-1331
706
475
-361
1614
1597
148
-458
-124
1876
1063
-1012
264
-590
1019
521
-305
1102
-62
278
-1895
30
1109
-1790
368
-1170
-1598
-1791
547
1362
-345
-822
421
-149
860
-1163
-2669
-1581
-174
-833
18
-365
-955
-522
-3233
-113
-1534
1251
310
391
863
764
-2433
521
-1724
155
721
270
1114
-2667
-2774
984
-375
186
220
823
-1658
-630
1095
-225
-244
233
-2111
245
-869
1980
98
22
1615
1157
-272
-1162
-367
-1392
-650
20
150
105
600
-1076
-1172
632
348
-704
738
167
110
106
1509
1025
2132
-2687
-1252
851
677
-823
818
46
-718
671
-366
404
-721
-324
-252
2097
723
-590
542
1042
791
65
200
-106
540
1123
-394
-1605
-1140
-762
46
-697
1042
575
-172
-1410
-1347
-419
-195
-2
311
-1320
-103
-958
-336
-577
543
-532
-2974
247
-123
61
1075
-653
-613
-1041
-132
-2267
-229
119
-559
-1095
-281
1566
-1031
-1113
-935
-196
-356
-157
152
283
-774
-1441
-607
-675
776
-880
-1083
1123
-91
1770
784
454
721
660
1632
1628
83
1422
2171
1132
253
78
-140
-1421
99
1464
1046
1334
-544
2037
857
-1342
-608
-2602
786
146
586
1238
-1559
479
-96
279
67
-746
120
1771
303
-253
285
535
962
-1731
-1607
-64
-408
-431
43
836
-1640
-286
-1577
8
-1122
-820
-146
87
294
428
-440
1996
-2022
-1539
255
-134
-1848
749
1524
-9
-284
-1353
268
1002
-784
-2040
1578
-2013
-642
-116
-1044
311
2526
1089
-831
-114
270
-455
-596
-13
-179
718
-671
695
-281
-1192
-7
385
-1104
935
-2091
103
-791
-618
-525
-913
1355
-590
285
-763
872
1330
1608
1047
348
-118
-1755
-1378
844
110
-64
-9
-639
687
-443
-1127
-417
-112
615
481
1503
1397
104
-423
-484
57
1730
796
-948
-717
2300
510
-148
-503
-597
2740
1071
-632
859
442
-1377
368
-1085
1721
-28
1290
-52
-81
-1321
-1055
636
-701
327
67
348
-154
495
906
-451
441
-692
-70
-804
-1142
286
-1280
-126
-197
301
0
-807
2308
-480
922
-291
-909
-1991
-1675
994
127
942
-412
-693
415
-1360
-13
891
51
611
1619
197
-425
-2295
102
344
-2483
484
477
-316
-766
887
72
-986
1027
993
-183
428
-384
-332
-1366
215
-314
-543
352
-767
581
386
-492
-432
-1399
-1563
-49
-1096
-76
-324
-425
-337
31
-593
-319
-975
-426
-747
-425
915
407
-418
-577
341
1591
-772
-385
-279
798
1513
-773
1443
337
-218
-305
-912
-756
-81
141
577
807
-465
-75
1436
634
-81
-477
-636
-2086
-1276
-921
-312
-1029
1584
2618
1100
348
44
-744
-813
652
666
-250
-890
-192
902
1182
-1007
423
-270
1307
403
-793
845
-588
71
-623
-325
296
2048
-1148
-640
-748
556
-1288
-1627
-363
1005
799
-949
109
-2979
913
651
942
-817
-768
1232
-271
814
1220
565
-396
1544
-165
-138
-644
-1003
-910
471
-1754
2838
341
1058
210
1176
-1557
1121
1
-1338
-317
-1138
-922
-1495
-630
1123
-2089
-620
-274
848
-436
121
-568
1314
-79
804
-1852
244
1278
-1071
-1611
383
-184
-469
704
-780
-504
831
-372
-459
-270
-102
-79
166
833
-776
589
-566
-836
-376
320
-1447
-186
1260
-824
289
-3
2088
-675
1001
-417
122
-1733
-367
948
-749
1269
937
133
-1173
397
1231
-687
-357
-979
1939
513
973
15
958
32
-1068
391
-81
498
1414
323
-189
828
-834
-428
-148
-72
804
315
551
-978
-1087
222
107
-578
603
1636
-914
888
160
86
-166
1
-808
573
-557
212
163
-1865
-956
1733
-593
-1017
-122
-82
1344
-1802
-1811
-431
131
1034
-1097
10
-327
14
-815
2763
951
-958
-839
657
-83
-3078
-1842
-1238
-513
-303
1290
266
1460
-519
-67
1082
-104
-1588
1236
-939
-271
-732
502
289
263
-337
1276
419
1975
-373
-1030
-1334
-862
-55
-521
-92
736
-451
-774
-1250
-672
-481
240
-727
1265
-34
-1842
-821
737
-1165
1720
240
-503
2113
1776
873
-502
588
385
-915
447
-1336
-1080
-2407
-1770
-619
-657
819
2332
-427
1425
278
-143
921
1306
-292
1446
-566
212
1811
1020
-1273
1660
-1575
457
-769
580
698
-1024
-874
-290
465
-617
1545
-1395
-458
-424
1419
470
726
-141
296
-421
1401
68
635
729
963
-237
1809
368
171
794
-256
-772
453
-689
1583
-687
1310
-498
1340
-1715
-73
1527
-57
-1381
-1726
-268
1942
-360
1351
-2143
49
-683
896
-633
-201
248
792
-1255
99
-423
-1380
-246
-430
-573
-1006
-170
-379
1135
659
323
76
-792
119
-56
305
-241
434
795
909
-1689
-1645
363
1791
-29
-1000
1538
-353
-1497
1230
-942
1019
823
-330
284
-710
-1101
-460
81
-803
-801
118
462
1309
-1199
132
-397
2166
-196
77
614
-1512
-1047
654
577
402
349
-26
596
1587
-137
1811
603
72
-996
-423
698
-1619
650
1048
-468
-568
1412
2113
-867
248
-195
538
18
153
258
484
222
-1094
121
92
871
416
-239
-398
1157
-1172
-295
1569
718
1054
36
795
-1813
-228
-717
368
-925
356
-1722
-696
-1336
-766
519
1211
-77
1093
502
-837
-1297
-8
50
110
723
480
-833
754
2055
909
1910
332
720
-115
1556
472
-58
612
-1539
-997
-1100
522
505
-1261
360
920
814
-1408
-918
-1558
-2458
-1481
569
456
-1647
-398
-427
578
-745
680
234
-1126
1430
1405
91
1091
-356
-780
-2908
572
-212
355
854
63
1463
193
730
267
827
-216
-1126
-1316
-374
972
-1930
-667
-366
609
1221
706
-790
-377
949
-433
1504
-856
1017
-712
-1566
-2109
62
-1117
-348
-1752
2048
-1102
-1975
510
-1328
-188
-83
-1509
158
-1939
-397
466
155
590
583
1342
-403
1700
-112
1267
551
1305
-892
-1428
-141
678
-1533
-690
-165
-2784
153
21
-270
612
261
-618
-368
-801
-432
-1626
328
472
47
1376
499
2
-2
655
1193
-1357
805
-1391
1385
-336
57
-729
-953
1163
-358
13
-23
-468
-760
418
1320
-841
1120
670
480
846
2924
-928
-417
813
-126
36
797
143
309
796
-658
-1577
351
-1
955
246
-501
-1231
-10
-1369
186
781
1319
526
-184
-50
-592
395
642
-791
-663
-61
355
-362
1871
159
-334
1419
-321
1285
-434
477
176
-999
-989
1272
354
-209
-141
-12
-580
296
-702
1577
-1136
-936
-128
687
-23
1150
41
1141
346
-1461
-456
-584
-53
-367
-5
41
40
-955
-987
1705
317
1605
1276
-2309
-2123
-678
837
-1230
-170
17
1655
-311
-140
977
-80
-903
-59
-653
-422
481
30
64
1519
-2365
-503
-682
-875
470
-828
269
-126
960
364
2042
1078
702
-942
599
-1213
-68
-1036
103
464
-641
-1500
-1210
169
-602
-163
1389
-541
-1293
2472
-440
2020
2194
-36
-169
-962
891
-243
-355
549
326
1400
286
568
-530
1646
-1415
-781
562
1959
966
67
-527
-1144
-1173
-1077
-1267
35
-279
-413
659
-668
-933
635
-219
689
782
1046
-92
556
-572
2
506
-647
-205
-637
1033
-220
-1049
2461
-755
385
-100
1196
-1023
1654
246
-775
249
-842
-281
790
-895
-1044
-190
612
715
-784
1610
475
-556
-584
957
-471
-1465
-1948
-1630
-1126
1631
-172
1
-552
1218
354
-161
-1209
942
-791
-310
-381
-640
287
574
-1823
-161
-243
-27
110
1214
5
460
-1012
-201
-192
-1575
-30
60
-131
854
-1983
7
-338
-652
400
228
-419
-689
-729
-47
1991
517
-179
-235
281
1021
832
-462
-1526
-272
-966
888
-1369
-1272
49
-1216
398
112
280
470
-228
-130
-1330
-1483
956
126
1172
1146
330
-1057
1190
178
-187
-425
-55
648
345
-1889
856
-1358
-20
-534
513
-121
-638
-405
-748
1331
-948
-307
-604
138
-666
80
1903
-87
-1417
-1373
1500
605
1799
35
1178
-1552
-672
1689
-698
-438
2119
-1677
299
-848
-147
280
-230
166
-1487
-1428
754
1140
1470
-1523
161
845
-211
-1555
-1457
-39
613
-1565
-898
614
-543
-456
947
1230
1122
-1486
-1079
-562
-907
1386
-1267
615
807
315
638
652
2252
-758
182
127
350
2178
-1580
168
-203
218
-118
-1164
-227
-1309
-181
-1169
-1903
1078
-1190
709
-78
59
1394
-1036
324
-1515
168
757
1000
-2116
-923
672
1090
-2309
-72
-1621
1115
794
638
-2011
-1180
148
-1364
2688
-1060
632
-176
-693
-429
416
262
372
-1559
119
846
351
-565
774
-1372
1338
1599
68
-828
-468
-800
1807
-1304
194
1694
-869
604
-136
-1003
482
500
-140
-2437
1131
1250
326
605
-179
893
-365
-2310
-615
-898
214
349
-682
-694
1205
-602
-1098
598
-637
663
-150
-1030
1766
-1583
-824
1228
-17
-184
1410
-419
792
-2563
-359
308
1278
-522
267
-329
1485
-1186
778
1437
-1861
-1491
152
1607
1440
53
-1271
-84
-840
-1846
715
-561
-916
-296
-1243
-139
360
237
-1160
-194
265
-1357
-258
-14
998
135
-202
1394
499
-2051
-335
1678
-477
600
2056
120
949
171
536
-1
-400
-637
754
-1727
-785
3
253
1675
-1864
1209
-1188
786
-876
-1021
-426
-820
775
1086
-58
739
320
169
-603
-522
467
-416
766
255
-362
-528
244
2013
715
1526
-180
437
1207
-365
-868
943
-989
-110
-341
-351
740
2217
-193
20
-802
246
-368
194
1625
-406
-1227
-708
-1145
1268
645
852
-9
185
-1094
1874
929
243
225
624
-543
391
378
568
683
-1576
509
1110
279
1286
-2071
-484
-503
-729
-275
-1754
610
303
1090
-721
-896
-10
-212
848
1387
-230
260
1875
-492
2058
-417
1110
225
-1179
115
640
-1478
415
627
-456
-814
-503
-1520
62
-103
-88
56
-1322
159
1205
997
197
-266
-101
-1843
2042
-1085
-1558
178
33
-1090
-1615
219
136
2018
537
678
-296
2405
-2654
2271
304
-287
-313
-2267
-782
-1177
-43
-788
-1094
346
1973
-315
-895
707
-151
198
868
176
1754
-395
-1882
-520
-1895
864
1336
1635
-681
-2196
2034
-1439
986
-119
889
-448
937
-1160
-583
-1791
1445
1015
731
2262
1257
-13
633
2183
-302
-1508
1443
-1786
-448
-723
-778
1409
963
-364
-55
-138
397
1048
-1109
-655
-1949
2101
1109
1415
-385
-713
-1116
-793
-471
-141
-1086
291
-1751
3234
1263
-206
822
-35
350
-270
504
-1052
1430
-7
-259
-1168
-227
-523
14
712
140
-1112
-1007
-286
583
649
2110
1110
-1263
1562
928
-1599
-1286
1102
1123
-552
1542
11
-982
1212
-814
1272
186
468
315
885
-1075
-214
-660
746
598
-966
692
250
-665
284
-864
-1399
-1512
1231
-1514
1926
-1153
1726
-1821
1188
25
-849
251
702
287
-46
1613
1198
-443
582
540
768
1565
-50
-422
2870
-753
-1071
-1077
1932
-178
197
844
1286
-266
912
-391
70
-12
-116
-1110
-2709
-377
-281
-2667
-786
-1161
-19
-2282
1709
40
-525
-296
-1613
-81
1688
268
-433
-69
-812
330
-919
-972
-369
1575
759
865
514
-1165
-483
-1173
-1038
247
63
-867
-2230
-179
-1089
2864
561
-1096
-235
-1208
375
25
65
68
-291
-1311
-2121
-623
849
-1630
-288
276
-1484
229
-404
-621
485
-143
-61
217
-132
-1157
-1235
802
-1172
3
-897
-1405
302
-1733
-450
-632
-529
-1603
-526
-872
869
-632
790
-857
-1438
-527
-1036
-28
-1829
-821
-519
1221
1864
1433
-107
1959
-629
-1181
1694
186
-473
-765
358
1631
77
-111
1288
-837
1227
-2714
-944
-451
-421
-98
1284
-1123
339
1100
330
2030
-350
-1245
294
-1510
-909
-535
377
761
-20
-204
159
1503
-1388
1003
-1959
-55
918
-1371
153
-1359
572
-1033
336
1573
2265
216
-805
1599
888
-348
-1561
681
949
949
34
1523
-480
352
-275
781
434
-1590
1307
-1473
758
-108
-519
648
-1244
-1159
-528
-900
881
-496
464
-693
-1019
-622
-478
-1114
764
156
181
1688
-809
-993
-684
107
-1647
546
180
-733
891
86
-313
1603
-1058
837
521
1128
-626
-326
-333
1070
405
-268
-40
1156
1224
-508
-422
14
266
357
739
-845
421
-1610
-1138
-4
882
-1059
1272
45
-314
-810
-1902
538
396
-83
649
-46
1747
674
591
-2035
65
-1693
-283
787
-1229
285
-206
-298
-754
-375
-956
1312
666
1726
775
-324
-225
-1012
-2532
748
-278
271
1478
-1425
-132
-334
-1544
458
-1747
444
3
-105
344
617
-383
815
-687
-623
-1831
-498
-654
-45
220
-307
1082
-988
1
-37
-797
-1031
-1053
49
-512
-522
-344
-1136
-293
1212
-1063
172
943
-322
466
1040
496
109
1015
241
-2047
-403
220
87
-118
578
-1103
-1077
1300
359
-1143
-271
-1459
735
1301
-1039
532
40
190
-272
-720
-814
-666
627
-1741
-249
-278
-925
-1362
65
1059
79
297
-1920
169
-1351
668
-1580
1784
-740
-1206
-371
-1664
302
77
271
990
695
-50
-998
-513
1274
-1492
-388
1084
949
-347
2295
730
1338
10
-1342
163
-175
-470
964
31
2044
92
-657
449
-2936
-122
798
1436
-1354
1195
948
380
-6
1800
754
1984
640
360
-1586
1834
1432
-761
456
-1881
-1369
523
157
-571
785
-2569
-1194
-372
2513
-528
62
798
-1247
696
809
-344
-38
535
110
-779
1913
470
-816
12
158
-234
-929
387
-1336
-547
509
1179
-139
395
1083
-1321
156
-464
2285
303
1137
-232
-869
-486
-1361
-185
1103
-1400
426
-279
59
338
899
-492
-406
1316
-1429
689
654
-475
1227
415
-715
2861
1293
667
696
-320
1369
-1642
99
322
-47
276
69
1085
312
162
528
329
168
263
-1111
-204
29
-381
2016
179
2397
19
625
262
804
-187
-64
-397
-354
565
-910
1061
-156
1141
517
-98
98
-299
420
-1139
-598
-1146
-914
-528
-40
180
-952
-737
921
681
734
-1753
-410
104
2055
1191
1116
-732
-290
-1418
278
-172
-579
-438
-822
1403
-752
-75
-1433
31
-931
-1221
1807
1761
1548
2008
343
-552
-460
2181
-2743
845
2720
2191
649
1026
166
-960
-517
-389
1467
-1451
85
-253
151
-811
284
1231
-386
295
-1509
-814
1166
-1864
736
-2186
620
-281
-999
295
855
-521
-1066
-252
-937
131
1438
-208
-1204
653
-1958
81
2145
1079
515
2027
-794
321
-2414
1096
281
-782
68
-1544
34
1406
383
-685
2523
262
-572
1465
-242
1632
1689
289
-1433
-26
1941
180
-318
842
532
370
813
-181
360
-1071
-561
27
-834
157
-522
748
624
283
1222
485
1236
194
-297
199
486
-1047
567
264
-1342
2087
-8
344
-942
-541
859
-305
1091
-44
563
1249
1361
271
1217
-13
-1275
-1144
218
572
723
1796
-741
-766
1970
-1608
1846
-1489
-494
-1277
1878
630
393
1028
-454
521
-406
-498
1760
701
-2431
-950
-456
307
487
-160
-1744
1597
148
400
-746
-477
-38
160
725
543
-1342
373
336
141
-213
-209
-1067
490
137
-300
1155
971
-915
528
-2101
462
-467
86
1310
753
-2279
735
-555
-1204
-559
-299
-554
-712
1742
419
1103
426
-435
452
-1608
-610
-326
-333
-1041
-87
592
1013
-1379
-162
-194
538
-329
261
1104
702
-701
-274
-202
-78
-1708
123
180
-407
1168
-447
508
659
-2215
154
1159
2183
-1019
1012
589
-1327
-420
-848
343
348
-479
-343
-1459
92
-544
-1428
-256
-341
205
-1466
563
-2276
94
-366
404
-333
-1062
-426
1348
424
1352
844
-172
1610
1004
1175
-642
-469
-1054
636
-475
1020
215
-1502
-489
-23
406
-48
349
-457
-356
-1736
-155
-630
926
-1524
-61
534
-299
203
861
260
-2586
1012
1074
-171
-62
-705
-489
1579
1475
-7
866
104
-1740
-355
386
-842
1331
-89
-151
688
1304
591
870
-315
1812
1536
-477
-734
-534
-1115
83
172
-580
1194
783
80
-766
608
-2025
-1282
-2707
-411
96
-2436
1223
-716
437
-202
-189
990
-426
1814
-271
403
-237
1083
-82
-342
259
111
444
-397
112
1867
-621
-197
500
-291
18
472
11
-547
1525
-175
933
417
-293
617
-91
-776
-476
-1080
-406
538
-542
250
-894
-143
-1530
1134
-862
-338
-192
-43
1860
186
499
1490
442
-1234
1126
527
293
1013
113
1451
2092
-767
-771
-332
-450
115
-61
-1344
14
-1311
-1164
569
448
-1935
-1143
1006
1176
-466
-3016
257
-1480
-28
-1229
690
590
-726
1681
1465
-848
-642
737
277
500
961
981
-741
-155
-443
823
-811
-812
331
948
1285
-389
1026
588
181
30
-687
355
699
1247
128
160
485
-239
-1323
-2
798
1029
-339
120
523
403
-568
-204
570
-1267
587
-1360
1027
-151
-1023
102
1712
396
1036
-581
-878
-96
1406
-508
-740
599
-243
578
223
31
-392
-850
-652
2
-312
-465
749
-503
223
1037
-37
-38
-1596
-1050
540
-1035
1390
415
-90
-141
-2214
866
-1876
1447
109
-2008
-615
212
-722
408
-524
636
-1764
1311
-675
264
-832
-1077
-770
-938
-146
1238
-339
-695
-591
-351
-520
1
-322
238
40
1304
-722
1452
-513
-482
74
42
-148
-389
35
-1536
-361
953
-1315
-187
-1356
-263
92
1038
321
-185
420
750
446
-561
-207
-329
-86
-454
269
352
474
-765
2139
897
-677
756
185
373
-1068
14
2312
1047
-1121
-134
-896
-1719
-624
-298
851
-621
-617
-1244
-682
1143
-375
283
-1322
176
-557
245
-743
-511
-289
-137
-721
565
796
-1653
1406
-147
-1959
-1020
922
-684
-160
1177
597
145
-174
-242
225
-1051
1212
-151
341
1596
9
-10
-2542
-487
-1884
-54
106
142
78
-1162
-1165
2108
158
-1223
596
-53
-823
216
-1004
1477
68
-244
-902
793
956
-663
-394
-1454
-399
-802
727
1099
-665
-1267
114
582
-1090
1188
-40
1808
461
1824
-697
-323
749
413
760
559
-424
-551
409
1727
-1306
248
-245
-710
-168
1359
474
-926
-129
1121
-1746
-655
-726
258
-473
1084
289
619
178
-1128
-200
504
-399
752
-447
483
348
1724
1001
581
-377
-82
69
644
333
29
526
1126
-787
1360
206
-514
1702
-506
-414
-1497
338
251
889
-1378
-196
-675
-766
-1029
227
-698
-125
52
-41
538
-1447
263
3131
-73
-1565
1020
-2882
1241
633
-591
-702
-378
-44
-546
510
-1046
112
1154
-1618
-47
-1144
-266
-389
-377
-220
-147
322
-231
-1071
-727
-1107
-472
-426
-47
-252
-616
901
577
725
268
-572
735
-437
219
-332
-124
184
-366
111
-137
-14
-1555
-3352
2350
1911
-2206
-3561
-737
-338
-202
163
259
-156
286
159
-978
29
1739
1123
-568
-956
480
-2210
1239
-666
680
464
431
300
1619
303
-50
-2080
-343
216
233
-121
-2323
300
-556
1613
-1001
-1642
-719
167
-525
-1166
-1775
1242
-1491
297
240
1311
1145
-989
-2151
-1679
-452
342
-947
1025
-938
-220
-1074
303
-1023
-242
-296
-886
-2493
250
-67
164
926
731
488
1785
-10
-2721
156
-1583
-97
-420
520
685
1092
1574
674
-517
714
540
745
2669
1158
710
-274
-20
1461
1307
847
-602
-1480
1851
-1323
9
-461
767
520
447
-1104
-411
861
1232
66
-409
359
-130
169
809
-1102
-282
115
339
-826
-1337
75
740
1290
692
2324
467
64
-380
-65
-448
-1289
-167
351
-1446
-1218
1787
1193
-1462
1947
-258
-1872
-111
632
-328
-596
-27
409
-1449
-974
1873
1576
-903
-421
2159
38
505
-65
-164
83
422
908
897
-679
-518
-1490
-63
-1739
-1673
1977
969
-652
366
-20
-436
-897
-576
1012
-229
-1227
-1588
743
-950
487
-2159
-437
534
1052
55
-1427
1643
425
182
104
197
91
440
-1129
2220
-249
-632
-1232
1440
-490
989
-2563
252
1737
1091
-156
574
-392
-879
1320
11
266
895
1439
718
-126
1199
-489
-299
872
533
186
520
22
-2939
589
248
1101
-218
-218
-1574
273
1350
2406
384
144
141
-1290
-1092
-444
1206
-1589
578
490
-1796
-529
-1305
384
1162
-1453
-897
-73
-625
2591
-551
-148
-300
-771
-406
1123
602
303
-13
984
22
-507
-204
390
-522
1340
-1079
-322
1863
754
464
1452
-233
767
-442
-1056
711
-544
-923
248
1178
776
-2393
584
-2473
248
-2075
11
529
-1532
-4
937
676
598
190
-1344
447
209
400
222
919
-807
-1018
-413
-1338
598
459
858
95
1979
-528
-203
1036
1419
-748
-360
73
664
-973
-494
237
409
789
713
-200
-1202
-1239
1374
-1102
-861
-18
260
-368
-481
2041
463
823
-630
-616
67
-256
896
575
-2019
617
2658
-861
558
483
-333
1050
174
897
972
290
-1350
65
-956
1383
283
555
1018
1153
326
233
-1124
379
1430
1323
1036
135
34
-781
-732
321
-1186
-655
117
-239
394
1352
-1188
1655
-312
2016
1518
-238
504
237
-1231
490
-684
653
-1420
-1339
1343
829
-364
-1170
-522
449
265
-12
-217
-2296
252
-148
-445
40
1833
-1323
406
582
-57
-1518
-282
352
36
110
-425
1067
-320
1094
-436
-347
-225
345
-466
-1183
-249
-266
-497
-430
328
-449
-95
-1684
259
645
-267
434
113
-359
1830
-621
584
-135
610
1314
-726
1987
-934
1340
259
-1908
1422
711
13
-2038
-1445
-173
-433
1096
1459
236
-510
1475
-546
1274
13
-4
-930
-333
-220
762
-1732
-393
-795
669
-992
-131
85
-4
219
1867
771
-2137
-3599
77
2378
-46
279
-1685
-212
3
52
-714
-233
366
-59
-1066
-765
1263
-311
-1544
-1010
1316
-770
134
542
1187
-126
1162
-716
-290
-792
487
-148
1621
88
402
1528
678
153
501
632
766
-1004
15
-971
-352
194
673
1016
1748
-308
-794
323
1316
612
-1423
-857
-581
37
-1225
669
653
-738
1535
553
-924
1280
-1347
1705
181
206
-1767
1349
171
-1788
888
672
566
-2049
837
-511
-1956
298
21
-816
-778
1015
-86
-584
-549
-1665
594
-52
435
-216
1069
575
-402
192
-352
920
297
-1461
-627
837
-257
218
899
759
2238
648
118
-777
945
-383
-1534
293
-689
27
1315
-1275
355
-420
987
883
1070
-1217
-236
-453
731
-800
220
-200
1252
584
-673
1011
429
470
1226
-649
812
-858
-1053
-1164
-795
-1457
-472
804
-325
212
-445
-686
577
90
-46
59
823
-1994
-2164
-1195
346
-1263
741
742
435
751
-80
-1726
626
-718
-1650
-8
-1447
1198
869
641
206
182
-397
-1088
-120
114
1409
898
1161
518
966
-1083
-1298
-115
39
55
-687
487
107
1583
336
366
-698
335
-369
435
2327
-1714
-2649
-1183
1115
879
23
-1703
-1028
0
-474
1253
1440
-521
411
-165
2129
-5
-461
-377
74
-556
-1953
1114
-1333
868
717
-1211
1341
-1546
-478
1904
-219
-529
-59
1393
207
-835
748
1713
565
-1503
330
-2016
-694
1728
1116
358
-1651
-1758
652
-523
1558
796
1548
-522
1066
306
-1268
1020
863
-355
488
1517
1084
-109
-560
361
-261
-966
-1016
790
1553
-294
721
-965
809
-657
1277
717
-1112
1949
-695
-7
-1799
1246
1578
-963
-809
-328
-23
1623
-547
453
513
-121
-1109
-899
42
-584
297
-745
-1043
-135
698
143
522
-1150
-222
-1388
1279
942
1110
-107
-848
-1183
56
154
730
-1126
498
-474
54
1364
-450
635
-731
-212
-1728
336
-2399
-1358
-650
-1176
-119
981
1111
-276
-396
-768
-835
-1347
-1349
1609
-22
1211
467
1011
-87
2018
76
166
681
-301
179
-890
-1703
185
1046
-186
521
681
1848
307
67
1841
-412
33
578
-371
784
-1428
-319
-1023
1840
528
-804
-35
-1450
-1507
-256
48
946
-449
-360
-1218
672
821
-131
114
58
-1048
433
358
1110
-676
713
831
249
-1944
1183
718
-1066
75
693
-430
1165
1790
-597
-35
1482
1043
-1829
1681
2127
-642
651
1589
1323
-463
46
1879
-143
-663
-331
-1013
196
-142
411
252
346
1050
450
987
-1053
686
-217
-140
-113
117
1119
2748
-953
-1427
-82
-272
215
-1751
-641
-1080
948
733
-1021
546
731
-1366
-1454
-657
-1356
2406
1746
-107
838
-123
-819
80
387
-832
1299
-785
-81
-655
-769
556
-576
354
-769
-1421
1959
-625
-1397
1451
-489
-1885
-450
746
358
-378
728
60
385
914
748
766
-2346
-1248
1189
-426
-767
226
241
-1004
-1002
1222
-337
-1651
-150
-188
-879
-1756
-1311
-1002
2376
669
1046
-2275
-166
92
-2314
1093
373
-593
-447
-1634
-416
-463
-1565
2407
-437
1619
2184
-5
735
-244
91
-748
-796
196
260
-2
-319
-746
1181
-152
-463
-272
546
108
1407
473
967
-1433
1374
-1619
-456
-1356
385
1480
-988
1931
-892
-296
1830
-1638
781
-682
253
-1469
-472
-374
1422
-276
1064
-1617
-16
-100
309
879
-739
304
698
1300
-306
1726
-1659
-218
1649
-2371
-304
-259
-1709
1571
1157
-994
177
538
1722
420
413
2505
-1633
895
-122
-92
-1530
-222
942
-1370
128
-223
371
1399
746
166
-821
-126
582
-493
-176
-192
-1500
-1457
164
1368
311
1324
1040
-959
-787
936
-481
747
-1504
613
625
-1232
2524
193
149
1186
814
2167
104
-1090
-203
678
388
-1575
-148
1448
-1667
597
-745
-721
52
550
316
-706
-1673
-964
-761
2231
-409
876
469
173
303
2469
1221
1080
1038
-655
-296
-470
-573
-524
-737
1414
-826
808
-36
-727
1325
-924
2999
-1065
-1034
1096
-1322
-1185
-1764
67
388
530
-388
734
820
-636
-2827
-940
-851
950
-467
1682
2
730
693
269
-454
-530
-601
132
-183
-535
1343
-142
363
522
-101
750
1197
-947
1272
-1023
-1142
386
222
972
683
-2273
-583
1612
-1691
1584
1096
1064
-993
987
-220
1034
-1383
-616
670
338
563
-166
936
923
971
-89
1165
-276
-924
-145
-723
1409
-535
-31
-1722
321
-154
-1288
-92
62
-742
493
25
-1075
-2494
175
-616
245
651
-768
2821
421
-343
-2236
-744
1474
-153
-427
-379
-433
-1268
1128
-1158
455
-770
-806
-230
436
575
-1026
-997
901
-2164
-1988
794
-227
-1270
736
-1947
978
-98
1587
1658
930
918
-977
-1439
377
-1890
-466
468
1126
-162
1090
-507
409
59
-19
980
-1775
680
259
-268
-17
-810
1098
417
-1325
1929
281
-100
1108
3289
-40
-209
-93
1353
-836
-968
-852
-1271
216
-396
-1044
-422
-309
164
670
12
-318
849
219
-1462
-2402
-99
-1646
-80
-225
-606
548
1007
665
2171
-779
616
676
-102
944
2208
1255
-981
738
1196
-53
-360
-285
-950
41
-1269
1600
1264
238
462
-24
838
-53
1778
632
1349
-349
2801
-1056
428
-996
-631
804
1475
-546
916
-1071
-1668
-1739
92
-1814
851
289
1332
-395
-448
1049
520
-839
599
956
490
1183
597
619
227
-781
-736
-1639
1384
-43
61
-1586
71
2945
486
1195
1255
-68
1112
945
-112
1298
970
-430
-2437
-1174
798
899
-812
-118
-737
469
1448
958
293
-299
-955
-1079
661
1346
74
-36
266
502
107
13
-1492
-251
875
-1327
-10
105
-1069
361
-1476
921
537
-148
204
917
100
-423
1394
-1202
744
85
260
-929
28
248
-571
-321
-732
-452
1282
-199
-230
-928
-1967
-352
764
-669
-773
541
-1113
-1224
-322
1193
2658
964
158
-204
-12
-33
-533
1462
-2783
-801
711
551
-1086
810
-1103
-1588
-155
-48
1271
1801
-636
-2553
-172
74
1144
585
919
174
-98
2294
132
-1925
-74
1169
23
-506
885
-216
-490
-177
397
487
269
-693
-788
-5
662
547
-26
499
-1880
747
-622
1045
1573
-1510
417
921
-444
-249
-126
-441
-511
-1251
76
1068
-441
1274
1925
756
-1721
736
-1372
-655
1240
-2530
1594
427
109
1811
-1050
1254
-975
572
-1279
-241
388
690
-535
-1143
-890
-152
-1016
720
506
-1273
1885
1628
923
-16
833
-367
4
-1610
-2732
-290
2130
-286
1075
1228
886
769
569
1674
351
-622
931
59
-1828
-889
-1107
-1789
-1066
-2668
1182
-547
-621
713
515
945
-1358
-1660
795
1772
809
-970
553
314
-105
530
-2325
-1602
929
-1537
1338
460
329
-1032
-621
97
881
-1452
-531
91
-1652
-371
-248
773
-149
115
195
-1090
60
-717
1016
-427
-1009
583
-3129
9
-292
1336
923
1735
-1489
-988
1136
-743
-368
1719
818
-459
2125
-775
-1199
-755
596
928
-209
-814
1887
412
1025
502
1223
989
-138
434
154
-2044
489
612
-251
207
61
-291
360
198
453
-305
1599
-1036
118
-389
647
1320
-503
-732
-2145
-376
-995
156
-822
605
-159
-842
-229
-1606
-246
405
-51
-2092
-18
142
1639
938
-603
-1015
1047
-1189
368
-1369
-1173
-411
1448
323
1697
-177
-88
-537
-324
-357
377
-1269
651
-1375
317
684
785
-508
759
-461
1193
1540
262
1337
-99
1239
-996
1202
-656
198
-530
1091
164
-333
-1159
-74
-492
-834
-334
-34
536
-708
-567
598
-299
417
-651
-937
-1171
704
12
5
6
787
-1658
1696
539
1298
-1423
199
221
185
1222
167
346
1553
-1131
157
-1350
1244
1850
-1127
-506
-335
354
1592
-558
1133
-358
-412
778
16
775
-1056
1496
-196
1499
654
-1128
1376
614
1603
830
-203
-1391
228
1061
211
-1520
-50
504
-170
-880
-546
88
-1140
155
-2684
-140
-154
16
-1555
-568
-931
413
700
-770
-446
1519
-124
-739
-1692
-551
-460
-670
-947
602
146
-16
-2099
-304
512
-872
-216
1659
-1751
-610
1461
-678
-46
-17
-610
134
-884
-1327
778
-279
-99
1579
-1611
499
-1714
1435
-573
-1203
179
-1661
-830
849
73
711
-408
126
-1392
-219
301
-1510
1228
-36
-327
-276
-395
914
719
1064
-19
644
1304
270
-1451
-1015
-238
-323
-651
1409
807
191
-877
1872
-448
1087
-414
-455
1096
-909
1055
-115
-1109
921
57
-129
939
1561
490
418
679
-651
-526
595
594
-70
-645
-627
1104
-91
730
691
578
199
-1001
-1339
-491
-140
657
44
1212
124
414
527
290
1178
-184
-900
-478
-821
630
-462
-748
2512
-700
-1350
303
890
-1010
-898
-64
-124
286
376
-723
-1741
-2273
-51
706
-152
13
1514
2247
-593
1604
904
334
-1958
-1919
-837
291
-1045
-465
-1075
1053
628
-371
25
881
-733
861
1635
-179
-1780
278
1480
318
-15
-504
-2149
106
426
-1618
760
-575
608
1285
-1382
-1234
589
-610
-837
62
-7
160
-361
-1178
1186
2653
-366
-1269
454
-600
-1050
-1089
-467
-1431
1014
48
113
924
1093
292
381
1488
-515
3947
-56
166
-445
-839
298
710
-386
280
123
-279
997
475
1762
-110
-236
154
370
-1139
-174
214
462
194
-763
431
-886
653
85
61
599
-232
-66
628
139
-65
-644
106
-82
-74
-901
501
-468
1251
-1171
3022
-542
747
-1397
1725
-360
-1672
-747
1902
-20
-686
633
-611
-667
939
-495
804
1849
-1361
94
1659
1734
793
2524
-2204
-1198
-648
-90
390
-767
1733
-191
215
541
-523
-640
-921
-513
578
-403
-376
693
522
-870
-1377
133
-821
-370
925
-477
-359
-939
157
-985
-85
-88
2315
940
-806
-383
1135
-655
403
-1038
3
204
1456
-546
357
-1518
-899
900
-120
923
-567
-272
432
193
-1465
-66
-1589
-705
1368
-2512
-57
347
-778
248
-1873
2450
1986
-991
-14
564
1782
103
-1824
-1082
-1365
116
975
-1402
-1423
-720
544
162
-387
1117
-1937
486
-479
1655
1803
-694
188
601
-170
-299
-966
-314
1484
-483
928
87
1891
-673
507
1362
-955
1414
-213
760
2068
-1366
-570
373
-297
-427
576
302
-831
-936
452
-1661
-373
-432
345
-1341
-62
-1989
423
1501
-429
1529
2001
869
53
954
1865
-1817
-2053
-387
335
-255
287
-245
942
-546
-49
-16
851
-688
-505
213
2152
-512
-362
1355
-131
-1232
-78
2183
-842
-253
15
1583
-727
-777
-50
1538
-1117
-361
266
1496
754
1307
-2059
-1420
-10
-57
1074
-345
-579
-1470
766
1046
-1434
-1300
1122
1916
-1856
-1160
-369
138
-2471
1326
1573
629
153
135
-1408
483
1229
-60
-1298
-2768
-641
509
1208
-1037
666
-167
-266
-2098
1404
430
-800
-1237
-2222
1227
623
-1192
708
-569
537
443
1530
112
457
410
169
-1382
196
950
-657
-1481
-1146
-505
52
-282
1175
630
777
998
-649
-408
1186
-2458
-1053
290
-1192
-843
1030
1578
-1343
836
1991
668
-1531
1763
-1380
-93
-399
-306
-1027
2141
637
719
-1806
2045
-1053
-833
2738
21
-648
547
-27
525
-1141
-179
-578
614
2138
186
-1068
-1301
812
-24
208
763
710
1392
660
-1203
1276
-168
-1168
-1065
-1900
-109
2125
1520
53
-69
542
1333
-988
-319
-1040
967
-2046
1379
-24
1175
536
-736
1024
118
670
-257
-1121
1213
-97
130
383
413
-113
602
2629
-97
219
-1236
433
559
531
298
606
-140
-1258
807
645
-120
-469
2502
2056
-879
-1731
-19
121
497
-1336
956
415
1653
517
277
410
415
1483
2177
1374
846
-74
1215
-271
922
755
1537
-1134
708
1025
-859
400
195
-562
-1570
-34
-557
775
1675
-994
300
484
-1594
312
-447
66
899
-1486
-1632
-417
897
-61
-198
1542
-60
-99
-262
-2078
-933
-511
-65
-491
164
679
2556
913
2732
-245
-484
1282
-1158
1400
-262
1552
-87
-394
-293
1226
-93
-904
-305
-1877
-491
-964
378
-1876
-415
-427
-761
1220
354
127
598
-1873
-1275
-462
-85
815
-149
-1036
-1254
-79
462
-465
313
1453
73
715
211
-258
-801
1002
-208
1820
651
1529
-2748
324
-1125
-468
-1186
1188
1626
-509
1312
1660
-320
-409
-1547
28
983
-826
-1002
-250
-1307
-1203
146
1446
2291
-455
-2162
-1165
-1223
-92
32
972
968
-1341
-627
-1455
-340
1170
-2519
57
697
-83
286
-538
784
357
-608
553
555
531
-1104
559
-1258
-500
-799
-57
1124
-609
-367
-1278
623
154
1188
-103
-1570
-437
-569
-3
399
-412
139
-1456
457
-1485
-568
-394
766
-1315
-124
99
-615
-292
1001
1463
349
1872
145
-1102
637
-2788
593
1443
379
764
580
466
-460
131
394
-961
661
2469
1762
-1265
1306
-1054
-1318
-248
-8
-571
-1235
981
-1015
470
-137
-558
-1118
68
625
-716
139
577
-301
-1679
807
-211
468
78
-1313
1383
980
-376
-629
305
1817
408
-527
-344
203
-770
1035
-1334
-794
-1022
700
-2330
-421
1015
-1028
692
515
1098
-469
-205
1085
292
962
1177
-2106
-1237
659
-417
-962
349
-149
-727
1368
1351
1384
1587
-978
2024
-294
-1188
80
-2927
699
1111
-186
738
402
-522
161
1406
1393
1021
-201
1462
565
1510
1447
553
-529
-1090
-1394
654
24
-102
-1572
1029
638
523
1445
798
-1263
-1155
525
510
861
888
-69
89
1626
-232
-741
-1431
399
575
-449
-736
1126
-24
1016
-154
511
-1036
1461
-844
-454
-828
974
1314
-1497
298
167
-819
596
-78
810
1087
-1153
94
-883
-9
-96
-304
1412
316
1113
-251
1119
501
-815
-196
-618
-1029
751
331
137
585
-1637
-199
309
647
-1730
127
-829
140
647
-1902
956
-298
-931
475
1040
1875
-78
1536
939
2629
-1167
-486
1781
0
1207
-2144
496
-167
114
883
728
-783
-959
488
-278
346
-1773
-180
1302
30
1225
632
8
-1545
-1989
-1071
91
1384
539
759
-327
859
731
490
-117
-3055
-2371
2064
-77
-1173
-276
-1341
770
-969
-463
30
510
-579
-634
-1438
899
585
-991
274
-937
10
-16
-1775
1135
11
-781
269
-837
29
-58
18
-177
-1011
830
1267
-799
752
799
-139
-806
-1414
73
-183
-2483
-628
-1568
575
-945
-57
-1185
76
2921
-1790
79
-285
-1646
183
1098
-69
1599
1
1129
352
671
675
1195
-7
-977
-828
-2451
691
1887
-69
-359
-1193
-1193
276
368
356
931
-209
815
435
240
232
391
945
-271
437
-97
-510
-48
-1720
1897
1252
-626
270
-594
554
932
103
-48
-991
-1019
-1628
994
1472
-416
-81
-328
-706
1712
-859
-126
1677
1189
-1316
-2379
160
-1105
-263
-386
-1282
1759
-1403
93
-84
196
180
1394
661
1260
789
206
-823
192
-704
18
1060
1740
-1778
-410
212
-1427
176
-672
-1648
-359
496
-144
-2270
-939
-647
-659
1341
-431
-1066
1940
848
213
-207
-288
-1217
624
-75
-733
-679
552
-3118
1279
732
-609
1008
-100
-1173
1192
-1693
1757
736
51
103
422
1135
261
1392
-2248
-902
-1661
2716
-367
-1752
576
2399
1546
-2356
-1244
442
333
1677
466
675
1000
1431
-152
626
-2882
479
1146
1550
-136
-388
-460
-1075
2019
-1152
-33
-1173
-1173
1424
-941
-294
-1282
-388
403
-846
1975
208
1465
-1099
1190
-742
253
170
113
581
-1497
-398
-614
981
-552
716
1213
309
125
16
1853
715
1064
20
33
439
131
-1257
691
-1236
100
879
-2379
808
758
-2843
-276
1390
610
2663
219
-1180
327
-999
-2515
-662
2339
-404
-118
-1189
20
28
-263
2299
286
946
-1070
-404
-767
253
-1805
1197
151
-1187
-2585
420
1042
-1264
1418
-774
797
-805
1724
1425
1468
464
-444
-468
3053
-762
-1130
839
-892
-4
618
-917
1037
-1259
391
-1127
609
-570
-1948
1471
873
-39
-1323
-96
603
2104
-2056
-1324
52
418
186
-2591
666
-1618
-57
-756
-722
504
66
111
-1833
766
831
488
-1165
368
-1271
581
-85
-1663
498
-315
895
432
-590
1537
638
-1081
-1420
813
2522
1246
1387
610
-2490
-235
56
677
520
1954
513
-2162
-243
735
-671
-670
54
-303
-131
649
575
-1510
-309
1105
243
475
603
-684
-1
-1528
-959
-625
-114
251
-1167
1126
-1557
-501
254
1402
369
830
2109
329
487
-236
449
519
965
1517
272
524
505
18
-864
-77
1985
197
-10
-1760
681
530
551
-260
25
906
889
92
-455
-723
2165
504
-146
-518
605
-672
-696
533
650
-858
-897
149
-728
1537
-188
-343
-27
480
235
-2619
-1665
-649
-982
-465
1043
-1515
-1517
1073
1082
345
860
2077
-573
190
1246
-305
-37
14
602
929
1636
139
301
523
-729
122
-102
98
-38
-570
-522
-590
-88
265
-1900
603
-3086
470
-385
-1119
-917
514
1166
272
72
-364
-329
402
-169
-1327
-2837
1616
-243
266
-534
-1628
532
-402
897
-67
519
1057
-550
486
552
-755
-1577
283
-268
1387
-397
399
870
406
770
574
-222
-1083
-316
-661
256
404
24
-682
-175
43
759
57
-420
-220
327
-458
-1348
1096
754
1021
-211
-801
156
-166
-1049
-942
-200
-1692
-1263
-1895
-56
-1054
-1156
757
1719
-273
434
1209
1085
665
320
-151
-1481
-490
598
305
-570
-20
-882
-1040
109
552
-724
-1402
619
676
-298
1773
-1180
-483
333
390
232
-1353
-392
-1104
176
813
471
-273
578
419
-1290
-767
977
1308
-366
-985
-167
-1209
-1468
1481
-42
673
71
-964
-594
-28
1974
1513
-61
346
537
1021
-800
52
-1682
-619
-187
-1382
-1573
472
-407
-778
-768
-1015
1613
668
-973
842
-1358
57
1139
188
-1094
-325
203
-245
-1104
-520
84
-419
-763
-843
613
862
-693
-172
-1487
498
1217
557
-266
703
-1265
731
-1707
717
-456
-536
-741
139
2296
-475
-1320
1545
1087
199
-965
457
923
-476
383
319
101
1470
23
-1434
855
-1396
859
1260
199
472
-218
713
881
1467
-569
-1936
-601
177
-1482
772
-428
-1347
2229
363
1316
270
-2224
-83
-17
524
-344
-140
157
-713
1528
7
-366
-210
1753
301
-1666
494
-1546
486
-1109
634
-596
-691
66
-611
-629
-1283
-163
581
66
687
748
-608
-1281
-581
-133
-1118
-1265
-657
499
92
935
-575
-811
2271
-1680
-849
1441
829
-2019
66
712
376
-1330
-570
2725
-22
333
-2122
-448
953
622
-77
1048
-1438
795
-591
-2354
693
-852
-1575
-637
388
-708
-659
-419
346
-432
-1142
402
765
-91
-680
1211
133
-302
1098
-1112
12
-1686
-1808
216
-1167
1048
-545
-132
-250
-661
-1274
-1474
297
-110
-333
736
2393
-2126
-117
-1626
713
-74
2522
1094
-915
417
703
-321
866
-1105
550
-510
809
-303
317
426
-279
375
-97
-878
903
-644
-1492
153
-10
-1878
310
367
-895
95
577
56
842
-225
-699
-49
-906
704
1345
2
-525
101
-443
-2438
-66
-613
-905
459
775
-771
-1034
202
173
1007
1920
-860
-398
-866
51
1261
210
-1390
424
-2003
-275
845
-362
1108
198
-1099
-1564
-1077
-1277
-1649
-1401
-844
-1945
-173
-192
96
4473
311
-1799
-895
144
579
999
975
-1863
-693
1271
1128
147
1595
-261
-773
-758
1185
1280
106
-1677
250
470
227
-1865
862
144
-590
309
-1720
171
-1652
0
-1538
-1886
-281
1479
-200
579
-204
797
796
2373
-506
-965
-910
3074
-101
-93
244
74
-670
-1504
-4
49
-590
352
-2184
-406
389
1577
-207
-712
-130
1772
-603
596
251
-2480
1019
-58
789
-705
-1652
962
75
-449
510
-493
1094
-198
-267
-133
-1145
971
12
845
885
-2905
1074
1314
-1118
112
-489
-1234
-1363
294
-852
-768
1218
-1173
117
-1105
879
482
-112
1112
3097
228
-131
1430
156
-363
-801
-659
-1275
1023
-257
-818
-110
-550
-1331
219
595
-792
794
1260
-1057
859
97
660
-162
1498
253
-1900
122
344
1232
899
349
-740
949
-527
222
-2095
822
1102
149
1248
255
474
-1536
182
-832
1872
-506
-13
2205
1441
-1092
306
1442
597
-628
143
-87
-262
-640
-1351
183
1549
551
-914
622
276
-731
-58
1226
886
550
2124
-1392
-883
-505
-1171
774
-1554
-1169
183
-183
-357
-530
-1824
-117
760
-1787
597
-514
1022
-37
389
-164
898
-1771
-867
848
281
-1314
-506
1378
820
-173
1014
48
-515
-394
399
368
1759
254
424
1469
-846
-1240
-187
899
-1697
746
11
1232
756
-2220
940
1842
606
-404
750
-232
-1850
1456
6
499
358
-847
1878
-2977
-309
817
-742
972
-47
736
-2974
2547
-52
-483
-1195
-1926
1032
-620
-1731
-276
1012
1805
-1150
1233
423
-1235
668
894
352
1041
-150
-1362
515
1456
-197
178
442
569
-147
-751
98
777
-1400
2595
18
-64
-636
-279
-1893
1816
-1112
1129
-2337
-422
-1151
-897
-902
-185
-35
-1072
2051
311
522
-748
968
183
21
-486
-217
-143
-1790
234
35
1389
-41
-1242
577
-1364
-2485
-2424
-397
201
907
-1349
1431
1739
-641
-1057
3270
1309
-841
-1128
-396
356
-97
866
-667
-474
177
153
-392
605
-398
-1382
-1339
-1183
-49
1279
770
-140
-657
161
2039
319
544
-1458
-1158
259
-451
629
716
0
-584
-1692
-1062
-301
-1377
-864
1764
-1822
-711
-549
-586
-380
-18
211
432
408
2116
935
-163
-1714
1986
633
-2328
-1836
1607
-666
8
-1065
2568
-2615
-1686
455
1226
403
846
144
-1490
-927
784
-899
-1779
878
-60
-446
1772
-971
210
-145
584
-125
-255
-629
974
1380
939
1821
-63
-656
329
261
284
1447
-527
-1896
-1497
-1041
-497
-1998
-496
-151
421
-400
525
974
-798
614
-235
-623
-608
-1283
314
873
-501
-467
-1451
764
-264
1380
1193
-806
-393
-492
-685
499
730
-88
122
-824
-2004
-340
294
260
252
372
501
-963
575
1107
-585
-750
98
431
-559
-175
59
-117
1669
549
-276
-1050
1676
1522
-1134
-1467
662
347
372
1666
-749
935
-1619
-515
-1272
1835
151
1019
-254
-489
-1441
-751
1310
-432
656
-340
-1543
508
-1461
-595
-2384
-851
-1210
-895
287
-215
1251
-283
455
-961
458
263
-1154
-184
1476
766
658
-530
-346
-904
-233
-446
877
-1172
131
-2140
-875
-818
966
1252
556
419
-1345
-257
-541
-991
-1391
2157
1561
358
1169
-194
-822
548
-236
1345
-2007
43
-1448
379
1446
-2158
1191
902
1911
-415
-1799
-1159
-730
-252
2287
863
150
-499
-1235
627
-2650
-881
662
-99
1274
646
491
96
-688
-144
-424
-153
220
774
1806
2538
-357
185
-1041
-591
556
-892
60
-1058
273
-100
1980
-129
1221
977
305
603
325
-32
988
951
1383
8
-1069
-1242
-341
755
404
748
558
1446
-188
-499
-736
401
1392
-2208
-2521
-1273
-1555
-1318
-630
541
-686
359
-758
-820
-151
701
543
387
-1526
-1332
-1758
-1029
-797
599
-1794
376
-1616
2022
74
1326
-208
-729
697
15
-110
2002
813
334
-79
-920
-216
522
-78
323
1562
-1230
1369
-423
1930
1234
-775
15
329
-504
-898
-351
-328
666
-60
-1300
971
34
-2204
1784
-567
-1491
-928
-142
1349
1068
317
1719
-581
-380
2695
18
172
881
715
1089
-383
810
-568
2081
-395
1187
187
865
97
-844
-1016
790
-625
1335
-427
654
-188
1213
282
1362
166
1569
-311
-1217
-250
333
-262
310
-1691
-629
949
850
182
259
1128
1295
-115
1549
-1065
2059
1838
-516
523
1587
2053
-90
187
-1476
470
664
1357
-1003
787
619
618
716
-1830
-754
1252
104
19
867
-1224
47
1000
98
307
1906
34
520
-1007
2532
464
1308
430
257
-740
360
-517
-46
2421
-767
617
-11
-408
1287
340
-893
-401
-401
76
-613
-69
327
96
-441
575
852
-694
1915
-1329
-777
-22
-760
334
194
588
-513
-285
-615
425
-405
-1546
931
-1194
579
65
1104
911
-1834
1057
1559
-252
499
-289
-463
3168
877
-253
-261
-1647
-2091
-125
766
-739
1693
1432
218
106
-1624
-842
821
1121
353
-77
881
590
-624
-1241
766
-169
-331
-757
-878
-81
1127
-208
528
511
-182
-1293
85
4
435
424
131
399
2280
726
2208
988
-470
-1763
515
-18
-882
-1346
904
33
-439
-377
-75
-512
-706
-1856
911
-209
-504
-607
-1174
-861
76
2407
1169
366
-1391
1026
-519
-1121
-142
-798
-1532
-126
-202
596
799
-1981
-1152
-465
-902
1034
562
-1502
-63
-719
-873
-1477
363
1277
103
1584
-681
91
-681
-641
1485
1124
150
-748
1362
-28
293
-795
-1350
20
-643
-1613
-466
288
620
-1702
-188
868
-711
1467
-412
370
-969
-277
1097
-385
568
-982
-964
-1377
138
-197
-1401
-1051
-800
429
-1003
361
-588
443
338
607
1175
-783
-84
-770
-1703
498
-2283
-2135
-1278
514
698
1287
-1028
-872
-851
151
1120
-839
-535
-647
-1350
-494
-1639
-494
-72
-1143
1470
133
-220
138
1739
456
119
1512
-1040
1009
1585
559
590
-226
860
-179
1151
-456
-2275
381
131
41
950
635
282
78
1246
1463
381
1019
564
-138
2167
-1616
-275
408
785
-567
-819
-2239
