2185.88624820
144.26392158
200.29465424
-175.44831521
-1404.49386424
-2747.10670530
1247.44291407
-753.29118644
76.69512577
-505.73838659
-479.75360178
-298.51314908
1602.18682953
-1870.01605619
1057.92165969
1065.47262490
1515.91139170
156.01208164
2079.92232801
534.09958849
617.08171718
-1598.81432848
-1337.24383534
500.39296458
154.23886593
866.83575701
273.30574488
738.87495180
1173.12906879
-428.92511969
122.47147209
417.96275187
-682.43639563
-1166.27310842
428.01249254
-420.94852736
-1009.78556316
1359.58702577
454.80564340
-712.54826724
1499.73931178
89.99599748
21.28541346
-915.99396034
-966.32730734
1898.33551559
-933.22713994
-378.67934894
-516.29180048
203.70147022
874.18699028
140.98879602
474.84811497
836.07371762
-96.35027814
45.19965576
344.21767634
-659.24221595
523.72309857
-63.75037343
-866.04966059
-360.37757861
-621.00301819
1482.26764695
-137.65188722
475.87851624
41.78541495
1263.04344265
-1983.17262905
-1318.75981659
-77.08997301
-41.70803478
-787.24975681
1316.61322167
252.19702430
-671.38391363
-519.92047338
865.99380679
782.66873832
1152.21520692
447.66841439
-1383.71573840
726.74400619
383.86638649
-1155.11400972
-427.52455607
-693.48765453
658.47970982
-522.27202658
-531.22069110
-1773.12066548
-871.39988554
791.93639989
-279.78650397
2835.20116721
-747.75214240
952.93863409
-805.52822786
308.34752318
431.02549662
