-412.48153271
-841.39565610
-144.74727555
-586.18684334
910.71565152
567.20984184
1716.17422248
71.94147831
482.65381391
-143.11830192
-1644.23904462
2.22883855
-264.80693551
-62.24926915
-378.87918040
243.22905164
-1061.97117052
-1140.07085604
10.98902103
2583.00045945
-678.38548024
239.98480991
626.10016649
-552.75013293
116.44856743
-176.35950470
712.02131391
725.14451686
549.81403010
2773.32932801
-958.39415677
-466.89361342
-510.44141742
915.89517439
160.68128864
-65.24121291
-283.09204455
244.76805764
450.79494346
867.19549868
320.61996655
231.36351242
286.45818204
-1018.25010234
228.41332850
925.07372226
-1379.01200604
550.79366361
385.60508513
709.97289886
-934.16432711
-700.03175185
747.90069883
-153.17636263
-23.15668991
-367.55593741
321.14388099
-2111.47191205
633.54037663
394.12634861
-267.89362040
-1506.52492121
257.89240857
196.73414950
1044.32665716
355.99100389
526.37218166
-630.81678346
-223.29849993
-147.98488159
1108.44683254
1545.20374913
-426.77939559
-1203.64586230
-108.82952284
2331.91395450
108.14545512
-738.84798442
-742.66746195
990.69740940
1338.73054964
157.93337964
-349.45110393
-1425.07501257
-810.32707781
-519.05831765
-1829.87833198
890.25928732
-801.04824690
-943.03351322
-2135.86257058
-356.14900438
-2051.71694211
-13.91879361
-1664.18208453
556.06939807
-1152.07184451
-843.20284681
-1126.89452019
717.24062472
-297.03717918
694.99766715
-866.77644714
1070.55301891
1176.04652342
99.87687133
-960.27424620
-264.11693622
567.44502560
-1765.51002310
-715.23185606
1102.21980111
89.32573340
131.72040160
838.25076056
1456.49121415
-2500.87263697
-1026.54519778
211.80182565
395.62701199
-18.86757453
-1093.04952369
181.43817173
1066.93973416
-1494.65467327
1932.51185219
-1163.60110559
72.51563957
1419.42830586
-170.47034011
440.13599738
-28.51490112
1706.08431033
255.08085205
-770.35847268
428.01480977
-1229.66051901
-960.34647349
-1454.52578303
1422.45125306
1390.58842247
-453.34939315
-1087.83151979
-1.80557400
-1444.41136265
574.12596734
59.37386315
-978.20701630
876.47552926
887.67761550
-53.02916983
1925.02450807
-508.69722204
-1175.89558557
429.19870608
782.38278862
409.41322026
207.30820365
1719.35359248
1280.36652887
834.36780422
-542.51301562
732.82918516
-1260.48493945
68.97026424
-642.42844866
328.78619426
-876.30250366
102.41557088
1510.64762267
1152.92086646
387.71705140
-915.84760375
-8.63645743
-1470.97851874
1058.09811935
-1086.96308772
255.64040166
1031.42400812
-853.06096121
-1473.52856456
1306.23351067
-672.38987388
1427.08555290
-72.58063797
479.53424064
-683.82818942
-1137.53071280
686.45500786
562.77318029
136.39253516
1087.79743686
446.92605155
-1250.95428250
-214.73876940
-318.32098989
1039.96101435
-1108.67331796
1072.59924313
1302.15292287
-1094.23849053
981.23356617
-388.30434132
-346.24401623
-1370.08355335
1297.00182426
950.96722371
1127.57867099
-842.01921777
-661.71053635
1160.59683671
1163.10081190
-809.86675296
-441.93150177
305.35280011
-591.47334057
2445.22974691
392.56283909
-213.03650261
-2164.26814578
3256.19796726
-540.76421198
-691.89009691
4.45691478
-792.17476654
-717.00692083
-282.25288679
-65.76812144
891.83068856
230.30897527
-1079.93478626
-1453.77566322
1501.00676886
489.82507570
-208.16546286
-252.29577933
1311.70798858
496.80442986
731.59446946
1027.57145781
77.38164100
-1950.71103978
-100.66087597
-175.03717508
1548.17925445
155.59190889
530.27281152
1588.46546469
-31.77265581
-1966.84635630
-935.89376763
-1269.27053844
-684.43965552
1126.73474788
1087.85613745
1273.35769442
1305.74364181
-114.79947633
-302.09448112
376.46783057
-1122.94095085
-224.25338846
291.17673773
-165.62051228
-1610.33624946
-779.41982202
853.60441360
97.60201364
-720.41515473
1018.82919000
948.87761910
1773.88911091
1094.04339800
1621.13900097
-315.45829296
959.85074668
-90.33335384
425.90604409
820.72965907
-1029.64926517
537.23573080
-286.33799860
1285.27172093
641.59835133
-280.17200302
1254.54823731
135.16101515
0.46258771
-402.86282498
662.58466914
-243.27779151
41.14497559
327.68452550
-494.82234881
267.76850750
529.25042162
-2281.63403438
-340.68236051
-1137.15967224
2424.27820793
922.43042515
633.28041874
1820.00587825
518.33678074
67.83759704
578.31347383
-401.80877459
-1336.00455032
-1539.80352389
-1673.36345395
-1654.77668259
383.57599447
305.26445356
952.11017510
-717.81659250
-277.61967510
-559.91542251
34.89265888
-44.34321381
1332.95073130
-58.59536609
910.57708333
-351.77093663
-167.72515533
372.54875639
153.72562846
-1169.54083909
204.54067234
-236.02911026
553.02278224
-284.73085171
198.01497454
-551.32779115
-2171.06289202
1055.26196792
-484.13076196
800.93437192
-835.92481684
-800.79926523
-2213.14636939
-1030.25837502
529.56757662
-184.65859104
-655.35615581
-497.76891374
189.78436555
-996.48389045
-1184.28679434
19.92174242
82.33733915
1160.79696744
-511.05923231
-549.78658392
-1483.77820413
-535.35161471
-804.16089956
-591.31490019
389.95849790
-504.88944253
-946.27371202
1250.30769819
-865.80562034
-334.34383455
729.11727242
752.60092723
198.33082314
964.84572744
-825.57779246
76.61516767
835.71905546
-1442.38544385
827.55591611
-995.03717626
1274.20517361
105.90978549
754.66356099
495.49540376
-410.77304865
-805.93375775
333.62415345
-125.46270736
341.88270484
-342.75971937
-84.32373412
-2615.25146056
500.46469582
-30.84420431
-1419.42091636
-914.53674037
71.53561953
-288.94564881
761.80761155
446.55708224
-1196.80143290
-327.13891195
-33.14020994
757.06643053
-786.78187854
1757.21027999
317.71288209
-379.78096078
-997.39619312
786.86964180
-791.74494647
-539.08733668
-633.43602699
729.21325456
582.69310825
1862.35257804
-711.61273395
793.94913541
-512.00221275
-518.51263098
74.31323836
191.78054120
-380.78041463
-111.74365270
-1537.21872686
-1713.19233519
674.61999829
1077.63899152
-40.52866177
2162.04590098
992.56207809
851.07830754
1680.30297085
-287.47910224
376.58322319
-441.77810959
-1012.42807365
-565.83333145
-861.44333157
-271.84627603
446.11176715
-543.42331617
-209.54779794
986.56727038
1642.18470198
-651.12420570
-84.00582243
44.35673500
-1292.01235321
-245.18202983
-124.08831338
-113.82767505
179.88691851
2512.64863956
284.66950136
-582.86676249
-1773.52664590
1885.78551128
66.67193145
-660.37542646
-673.64288654
360.31462609
354.39181330
1254.40138760
-1728.86593258
-347.56462232
267.82066386
-1353.17323192
309.61008931
-201.46246377
42.48681776
1760.11633390
506.89394149
627.91153997
-92.49359804
-374.62508961
763.07669401
-487.65949998
-138.84755857
410.67228756
1034.81828958
-837.72472823
-283.84927876
-434.52045763
-338.02222237
-2034.13990719
-222.12988709
-699.56157426
798.04644136
238.48243434
1316.51549993
2538.95572093
-633.79214569
623.49510244
1124.52268382
-352.07579932
2376.52978707
-877.45440349
341.74130170
467.16609002
709.72518350
-1188.16107945
-1506.82438007
-766.40319996
517.09638471
853.04851040
778.45405998
-1344.93613629
133.15361629
-16.69422360
-2326.27311674
37.44284469
462.42921664
-1317.78896082
-928.10601561
612.26231243
873.41451378
-853.01821621
413.70703548
-986.73079426
1092.22385184
710.43052940
776.11396247
-301.49452640
-1075.86951918
-1340.83665327
-761.83412459
318.28987507
-806.51560673
-505.54764794
-872.78375604
2276.31745112
-156.55433228
728.30962204
-1175.05699391
-207.35253351
-245.65044561
-313.11647534
-312.78317519
-1542.21072512
-31.58266913
658.09519638
1298.37552771
-2058.14729593
1134.87488179
1788.86247082
521.70661404
-2506.63745217
2018.08950654
2827.37900601
864.73671552
483.99193082
1460.49304573
1975.74644624
935.95076978
682.68874262
-1081.18233252
-204.95503344
1241.83492365
1400.91049751
-136.40037967
769.18234879
763.98793485
-1000.54392837
-1154.33938355
-725.97909463
-2498.77304867
992.37939801
-990.82258559
148.67291419
1536.56660937
-115.60865894
155.53205910
-1294.09499045
2855.98483089
-451.46672450
-881.91234799
-337.58566479
-641.75920895
62.13757856
-388.91074440
182.02363065
-326.47823178
-1372.46528255
-2244.18142795
-1948.30068086
-1462.51844063
922.93763748
528.74432574
1672.92585984
262.43082136
-1435.95468357
-71.34920723
-148.79794553
-1562.58991295
-596.07856890
1005.48183808
-1669.41969086
-1079.63101982
-725.67657292
-31.62263469
-179.67933604
594.36174856
389.43500374
-2052.76049652
632.33368702
-1217.66659181
-471.86195024
-892.73181220
-28.84701690
1760.62239657
1168.53823521
310.16362947
-511.80224328
-3167.85215501
-1300.00960308
1172.00987743
2192.13789516
421.31155892
545.99985306
419.57792063
1077.03304486
695.71030808
1607.75109127
-754.74714208
1500.24540272
1377.27345272
-912.28539228
245.79418434
810.92633817
-1294.66549293
318.43947536
1557.54073730
-600.65926626
-1516.73525577
-223.44882790
-474.21070253
342.11528387
233.86697246
-241.51939622
-979.11139429
-1002.62521759
630.37113324
-1317.51573904
-1013.46960230
-377.26592969
-2133.52573710
228.30305923
-1056.90656658
-812.97617472
-190.74774736
445.27469257
-364.58697780
-1911.20461356
-701.12102117
-1168.41549915
1889.26223752
836.52855817
2546.21369247
771.28830944
799.06350649
1242.36716663
-167.82605646
-635.32706611
559.81501196
-253.45699562
156.39857886
548.83861966
718.55233257
258.45517822
-454.92514430
83.18279664
-1446.24446124
-1080.59996535
49.61792208
-570.71485759
23.96302887
-558.27475901
999.38932989
-30.25871262
-1209.53579685
179.28799240
1134.36161543
690.58141308
-747.14002845
-1285.92823908
-1111.68624606
126.44190107
-86.80298672
-810.94147052
-1130.49370698
266.49016726
-2215.33341278
-90.70967723
-1005.44142807
-1315.86793808
57.95076880
-675.60495576
1276.76996277
-2043.51533830
125.12870780
-128.64845819
1395.54241314
1001.63515915
1401.79698623
-142.06815197
1292.59239375
1854.48377456
-423.21458707
389.11439405
-106.52009679
538.40714477
-735.10872611
643.90428029
-703.76009783
295.78239866
256.78256141
-125.38698737
2076.11322019
-454.15620003
-1723.44426288
974.75505688
-1516.19316469
-111.60355432
374.42099192
-695.36851011
-861.83749226
-1290.60513741
71.96648815
433.67674118
-2557.52989790
348.53833513
-973.48849705
1375.04744359
1379.60149747
222.34742796
371.53846136
3293.62743276
451.99947866
1199.10770120
-1101.01357197
1223.61283845
101.61987730
-1071.83141499
1199.78263248
-2645.39215704
-628.97996471
-1233.83820166
-796.34444059
-308.25696938
1192.45319974
422.43065953
153.03454323
-1514.46121385
331.23250862
-122.00262672
-1460.24853632
719.79084811
-79.26496245
-681.26664615
498.60573282
-58.12239710
-886.70359980
-4.46940326
1205.14097175
673.32788344
1415.40747069
1675.56294600
250.63858473
-904.36705720
-837.77587962
126.46471420
-1334.08987011
698.41048265
1077.37003195
-152.13509668
532.76833046
482.02531796
2059.31031125
-1525.16990720
-824.63452950
1915.31620841
519.88659973
385.49561051
-949.79405134
-478.77120446
596.82921730
-394.49277155
-1021.13778948
1548.56316038
-1602.53733077
805.23336469
-451.55741920
-1261.14093260
-381.79109759
-146.72915122
-904.14266996
213.15715925
83.85025903
886.06302451
-1976.31835471
-762.53233986
1097.57864726
-209.66715229
193.26163167
416.42114411
942.63683521
973.69628481
-355.93684145
671.13898749
-412.36314954
498.47007011
-1116.65741390
-903.69007030
357.15927976
1899.73768306
1210.95874188
118.53585367
245.22008054
-781.99308414
-1389.48805156
1371.53233122
1011.83321629
68.44696308
39.92108845
-1001.11620086
-1335.56997624
2460.28091608
-853.13796034
458.80406485
-62.35568992
1277.36855187
-174.56173138
367.56816463
1938.32999039
1164.54156491
191.06051205
-524.12472707
41.29970661
-275.90171387
587.74451483
-1633.56268428
-1124.49516089
-661.41823966
-626.06170493
-88.88434185
-1750.71523719
-1088.01831758
39.68313487
1715.67841190
-1802.54565987
-217.75702117
634.19000041
-1140.46827655
-466.01853691
1598.93768080
-750.19078940
1276.13261619
-1049.20071683
68.59487552
883.82655527
-233.34176948
-13.44165043
1137.12064401
-363.07519041
-956.91254372
907.46605141
-1790.35833813
-2047.16687964
2045.95971656
90.74614970
-1254.46212029
412.50272053
853.29968624
-1022.58215878
811.98169877
-24.94894049
932.70448412
209.25128203
230.82820578
-248.55486134
-327.61024086
1778.21736513
-437.40172009
-1152.94824365
8.79630376
80.05791835
-1768.55461346
507.00361864
333.01466284
-254.58382851
1180.89770237
-404.77417967
-528.68445672
-187.07692674
-17.70621598
965.90831554
-594.34912920
-134.72228377
-13.94225965
263.32469102
-1660.98443977
1139.97570532
1586.16713229
-512.10318113
38.98743413
569.86398466
-1668.11863769
20.08367901
570.67781711
-333.59573961
450.43430529
657.64552983
57.42248730
514.68197603
-736.82110064
-708.50120261
-268.99471812
354.05848782
-1474.48096538
128.96352414
168.37258912
-190.34766111
1481.66792628
1221.04833770
-1328.96963600
-331.14445693
398.66341304
-97.99247730
2450.36918805
1670.18070111
12.52993820
815.72883081
-1831.24104381
598.66488836
2224.23755646
656.09145616
796.98490812
-456.52655919
1058.86887166
-1889.36089793
640.47636006
-247.43258360
-227.81882524
867.56646216
927.81135008
495.88840927
-971.07740248
112.36701623
212.83792046
642.36799883
296.80387789
105.15783809
-1092.82401065
633.63301621
513.05961420
-175.73177387
-316.12824546
-1001.93455304
69.41541214
163.23597501
738.12194757
863.08154352
24.49956433
-142.13389408
-138.49536285
618.83599396
-1004.39838070
-1465.95083970
498.69499905
89.93618298
661.80604643
1020.17077724
424.16591162
876.35411052
-1314.94673180
713.69877924
-1441.33681495
-1205.80118799
-1738.46513058
-2390.62624278
1342.34538388
408.93659355
-495.83850308
1241.09316601
901.82453125
466.03444982
172.39218651
283.15509892
-1600.72326470
-1070.26792448
1496.27821341
1379.17804821
230.40276608
860.27487668
-237.17045747
926.89225639
-1918.02466565
-2168.09693786
2505.60774801
270.07369158
-960.34569310
670.83256151
1426.87611359
-279.42113422
442.22447642
845.82995586
