-3709
-3599
-3561
-3498
-3496
-3352
-3233
-3214
-3136
-3129
-3118
-3086
-3078
-3055
-3043
-3016
-2979
-2977
-2974
-2974
-2939
-2936
-2927
-2908
-2905
-2882
-2882
-2843
-2837
-2827
-2788
-2784
-2783
-2774
-2768
-2752
-2748
-2743
-2732
-2721
-2714
-2714
-2709
-2707
-2687
-2684
-2669
-2668
-2667
-2667
-2654
-2650
-2649
-2619
-2615
-2606
-2606
-2604
-2603
-2602
-2591
-2586
-2585
-2579
-2569
-2568
-2563
-2563
-2553
-2542
-2532
-2530
-2521
-2519
-2515
-2512
-2511
-2494
-2493
-2490
-2485
-2483
-2483
-2483
-2480
-2473
-2471
-2458
-2458
-2451
-2446
-2438
-2437
-2437
-2437
-2436
-2433
-2431
-2424
-2414
-2407
-2402
-2399
-2399
-2393
-2384
-2379
-2379
-2371
-2371
-2366
-2365
-2364
-2359
-2356
-2356
-2354
-2353
-2346
-2337
-2337
-2330
-2328
-2325
-2323
-2314
-2311
-2310
-2309
-2309
-2302
-2296
-2295
-2292
-2291
-2283
-2282
-2279
-2276
-2275
-2275
-2273
-2273
-2270
-2267
-2267
-2266
-2248
-2239
-2236
-2233
-2230
-2226
-2224
-2222
-2220
-2215
-2214
-2212
-2210
-2208
-2206
-2204
-2204
-2203
-2196
-2186
-2184
-2164
-2164
-2162
-2162
-2159
-2159
-2158
-2154
-2151
-2149
-2145
-2144
-2143
-2140
-2137
-2135
-2126
-2123
-2123
-2123
-2122
-2121
-2116
-2111
-2109
-2106
-2101
-2099
-2098
-2095
-2092
-2091
-2091
-2089
-2086
-2080
-2079
-2078
-2075
-2071
-2065
-2059
-2057
-2056
-2053
-2053
-2051
-2050
-2049
-2047
-2046
-2044
-2040
-2038
-2035
-2031
-2025
-2024
-2022
-2019
-2019
-2016
-2015
-2013
-2011
-2008
-2007
-2007
-2004
-2003
-2003
-1998
-1996
-1994
-1991
-1989
-1989
-1988
-1983
-1981
-1979
-1975
-1967
-1964
-1959
-1959
-1958
-1958
-1956
-1953
-1949
-1948
-1948
-1947
-1946
-1945
-1945
-1944
-1939
-1937
-1937
-1936
-1935
-1930
-1926
-1926
-1925
-1921
-1920
-1919
-1911
-1911
-1908
-1903
-1902
-1902
-1900
-1900
-1900
-1899
-1899
-1896
-1895
-1895
-1895
-1893
-1891
-1890
-1889
-1887
-1886
-1885
-1884
-1882
-1881
-1880
-1880
-1878
-1877
-1876
-1876
-1875
-1875
-1873
-1873
-1872
-1871
-1865
-1865
-1864
-1864
-1863
-1863
-1861
-1856
-1856
-1856
-1852
-1850
-1848
-1847
-1846
-1844
-1843
-1842
-1842
-1841
-1836
-1834
-1834
-1833
-1831
-1830
-1829
-1829
-1828
-1828
-1824
-1824
-1823
-1822
-1822
-1821
-1821
-1817
-1814
-1813
-1812
-1811
-1811
-1808
-1806
-1805
-1802
-1801
-1799
-1799
-1799
-1796
-1794
-1791
-1791
-1790
-1790
-1790
-1790
-1789
-1788
-1787
-1786
-1782
-1781
-1780
-1779
-1778
-1775
-1775
-1775
-1774
-1773
-1773
-1772
-1771
-1770
-1770
-1767
-1764
-1764
-1763
-1760
-1758
-1758
-1756
-1755
-1754
-1754
-1754
-1753
-1752
-1752
-1751
-1751
-1751
-1747
-1746
-1744
-1741
-1741
-1740
-1740
-1739
-1739
-1738
-1736
-1733
-1733
-1732
-1732
-1731
-1731
-1731
-1730
-1730
-1729
-1728
-1728
-1727
-1726
-1726
-1724
-1722
-1722
-1721
-1720
-1720
-1719
-1715
-1714
-1714
-1714
-1713
-1709
-1708
-1707
-1705
-1703
-1703
-1703
-1702
-1697
-1693
-1693
-1693
-1692
-1692
-1692
-1692
-1691
-1691
-1689
-1689
-1689
-1688
-1686
-1686
-1685
-1684
-1684
-1682
-1682
-1682
-1681
-1680
-1679
-1679
-1677
-1677
-1677
-1675
-1673
-1673
-1673
-1672
-1668
-1667
-1666
-1665
-1665
-1664
-1663
-1661
-1661
-1661
-1661
-1660
-1659
-1658
-1658
-1657
-1653
-1652
-1652
-1652
-1651
-1651
-1650
-1649
-1648
-1648
-1648
-1647
-1647
-1647
-1646
-1646
-1646
-1645
-1642
-1642
-1640
-1639
-1639
-1638
-1638
-1638
-1637
-1637
-1634
-1633
-1632
-1630
-1630
-1628
-1628
-1627
-1626
-1626
-1624
-1622
-1621
-1619
-1619
-1619
-1618
-1618
-1618
-1617
-1616
-1616
-1615
-1615
-1614
-1613
-1613
-1612
-1611
-1611
-1610
-1610
-1608
-1608
-1607
-1607
-1606
-1605
-1603
-1603
-1602
-1600
-1599
-1599
-1598
-1596
-1594
-1593
-1591
-1590
-1589
-1589
-1589
-1588
-1588
-1588
-1588
-1586
-1586
-1585
-1585
-1584
-1583
-1583
-1581
-1580
-1580
-1579
-1577
-1577
-1577
-1576
-1575
-1575
-1575
-1575
-1574
-1573
-1573
-1572
-1572
-1572
-1570
-1570
-1570
-1568
-1567
-1566
-1565
-1565
-1565
-1564
-1563
-1562
-1561
-1559
-1559
-1558
-1558
-1557
-1557
-1557
-1555
-1555
-1555
-1555
-1554
-1554
-1552
-1552
-1550
-1549
-1548
-1547
-1546
-1546
-1546
-1545
-1544
-1544
-1544
-1543
-1543
-1539
-1539
-1538
-1537
-1536
-1536
-1534
-1534
-1533
-1533
-1532
-1532
-1531
-1530
-1530
-1528
-1526
-1526
-1526
-1525
-1524
-1523
-1523
-1520
-1520
-1518
-1518
-1517
-1515
-1515
-1514
-1514
-1513
-1512
-1512
-1510
-1510
-1510
-1510
-1509
-1509
-1508
-1508
-1507
-1504
-1504
-1503
-1503
-1502
-1502
-1500
-1500
-1500
-1497
-1497
-1497
-1497
-1497
-1497
-1495
-1492
-1492
-1492
-1491
-1491
-1491
-1491
-1490
-1490
-1489
-1489
-1487
-1487
-1487
-1486
-1486
-1485
-1485
-1485
-1484
-1483
-1482
-1481
-1481
-1481
-1480
-1480
-1478
-1477
-1476
-1476
-1476
-1474
-1473
-1470
-1469
-1469
-1468
-1467
-1466
-1465
-1465
-1464
-1463
-1462
-1462
-1461
-1461
-1461
-1461
-1459
-1459
-1458
-1457
-1457
-1457
-1456
-1456
-1455
-1454
-1454
-1453
-1452
-1451
-1451
-1451
-1450
-1449
-1449
-1448
-1447
-1447
-1447
-1447
-1446
-1445
-1441
-1441
-1440
-1440
-1440
-1439
-1439
-1439
-1438
-1438
-1438
-1435
-1434
-1434
-1433
-1433
-1433
-1433
-1431
-1431
-1429
-1428
-1428
-1428
-1428
-1427
-1427
-1427
-1427
-1425
-1423
-1423
-1423
-1423
-1421
-1421
-1420
-1420
-1420
-1420
-1420
-1419
-1418
-1417
-1415
-1414
-1413
-1412
-1410
-1410
-1409
-1408
-1408
-1408
-1405
-1404
-1404
-1403
-1403
-1402
-1402
-1401
-1401
-1401
-1400
-1400
-1399
-1399
-1398
-1397
-1397
-1396
-1395
-1394
-1394
-1394
-1394
-1393
-1392
-1392
-1392
-1391
-1391
-1391
-1391
-1390
-1389
-1388
-1388
-1387
-1386
-1385
-1383
-1382
-1382
-1382
-1382
-1381
-1380
-1380
-1380
-1379
-1379
-1378
-1378
-1377
-1377
-1377
-1377
-1377
-1375
-1374
-1373
-1372
-1372
-1371
-1370
-1369
-1369
-1369
-1369
-1366
-1366
-1366
-1365
-1364
-1364
-1363
-1363
-1362
-1362
-1361
-1361
-1361
-1360
-1360
-1359
-1358
-1358
-1358
-1358
-1357
-1357
-1356
-1356
-1356
-1354
-1354
-1353
-1353
-1351
-1351
-1351
-1350
-1350
-1350
-1350
-1350
-1349
-1349
-1349
-1348
-1347
-1347
-1347
-1347
-1346
-1346
-1345
-1344
-1344
-1344
-1343
-1343
-1342
-1342
-1342
-1342
-1341
-1341
-1341
-1339
-1339
-1339
-1338
-1338
-1337
-1336
-1336
-1336
-1336
-1336
-1334
-1334
-1333
-1332
-1331
-1331
-1330
-1330
-1330
-1329
-1328
-1327
-1327
-1327
-1327
-1326
-1325
-1324
-1323
-1323
-1323
-1323
-1323
-1322
-1322
-1322
-1321
-1321
-1321
-1320
-1320
-1319
-1318
-1318
-1316
-1316
-1315
-1315
-1314
-1313
-1311
-1311
-1311
-1309
-1309
-1308
-1307
-1306
-1305
-1304
-1301
-1301
-1300
-1300
-1298
-1298
-1297
-1297
-1295
-1293
-1293
-1292
-1290
-1290
-1289
-1288
-1288
-1287
-1286
-1283
-1283
-1282
-1282
-1282
-1281
-1280
-1280
-1279
-1278
-1278
-1277
-1277
-1276
-1276
-1275
-1275
-1275
-1275
-1274
-1274
-1273
-1273
-1273
-1272
-1272
-1272
-1271
-1271
-1271
-1270
-1269
-1269
-1269
-1268
-1268
-1268
-1267
-1267
-1267
-1267
-1265
-1265
-1265
-1264
-1263
-1263
-1263
-1263
-1262
-1261
-1261
-1259
-1258
-1258
-1257
-1256
-1255
-1254
-1252
-1251
-1250
-1250
-1249
-1248
-1247
-1245
-1244
-1244
-1244
-1243
-1243
-1242
-1242
-1241
-1241
-1240
-1239
-1238
-1237
-1237
-1237
-1236
-1236
-1236
-1235
-1235
-1235
-1235
-1234
-1234
-1234
-1234
-1233
-1232
-1232
-1232
-1231
-1231
-1231
-1230
-1230
-1230
-1229
-1229
-1227
-1227
-1225
-1225
-1224
-1224
-1223
-1223
-1222
-1221
-1218
-1218
-1218
-1217
-1217
-1217
-1216
-1213
-1213
-1211
-1210
-1210
-1209
-1209
-1208
-1208
-1206
-1206
-1205
-1204
-1204
-1203
-1203
-1203
-1202
-1202
-1202
-1202
-1202
-1200
-1200
-1199
-1199
-1199
-1198
-1197
-1196
-1195
-1195
-1194
-1194
-1193
-1193
-1192
-1192
-1192
-1190
-1189
-1189
-1189
-1188
-1188
-1188
-1188
-1187
-1186
-1186
-1186
-1185
-1185
-1183
-1183
-1183
-1183
-1183
-1183
-1182
-1182
-1181
-1181
-1180
-1180
-1180
-1179
-1178
-1178
-1177
-1176
-1174
-1174
-1173
-1173
-1173
-1173
-1173
-1173
-1173
-1173
-1173
-1172
-1172
-1172
-1172
-1171
-1171
-1171
-1171
-1170
-1170
-1169
-1169
-1169
-1168
-1168
-1168
-1167
-1167
-1167
-1166
-1166
-1165
-1165
-1165
-1165
-1165
-1165
-1164
-1164
-1164
-1164
-1163
-1163
-1162
-1162
-1162
-1161
-1160
-1160
-1160
-1159
-1159
-1159
-1158
-1158
-1158
-1158
-1157
-1156
-1156
-1155
-1154
-1153
-1153
-1152
-1152
-1151
-1151
-1150
-1150
-1148
-1146
-1146
-1145
-1145
-1144
-1144
-1144
-1144
-1143
-1143
-1143
-1143
-1143
-1142
-1142
-1142
-1141
-1140
-1140
-1140
-1140
-1139
-1139
-1138
-1138
-1136
-1136
-1134
-1134
-1132
-1131
-1130
-1129
-1129
-1128
-1128
-1128
-1127
-1127
-1127
-1126
-1126
-1126
-1126
-1126
-1125
-1125
-1124
-1124
-1123
-1122
-1121
-1121
-1121
-1119
-1118
-1118
-1118
-1118
-1117
-1117
-1117
-1116
-1115
-1114
-1113
-1113
-1112
-1112
-1112
-1112
-1111
-1110
-1109
-1109
-1109
-1109
-1107
-1107
-1106
-1106
-1105
-1105
-1105
-1104
-1104
-1104
-1104
-1104
-1104
-1103
-1103
-1102
-1102
-1102
-1102
-1102
-1101
-1100
-1099
-1099
-1099
-1098
-1097
-1096
-1096
-1096
-1095
-1094
-1094
-1094
-1094
-1094
-1092
-1092
-1091
-1090
-1090
-1090
-1090
-1090
-1089
-1089
-1088
-1087
-1086
-1086
-1085
-1085
-1083
-1083
-1083
-1082
-1081
-1080
-1080
-1080
-1079
-1079
-1079
-1079
-1077
-1077
-1077
-1077
-1077
-1077
-1076
-1075
-1075
-1075
-1075
-1075
-1074
-1072
-1071
-1071
-1071
-1071
-1071
-1071
-1070
-1069
-1069
-1068
-1068
-1068
-1068
-1067
-1067
-1067
-1066
-1066
-1066
-1066
-1066
-1065
-1065
-1065
-1065
-1064
-1063
-1062
-1062
-1060
-1059
-1058
-1058
-1058
-1057
-1057
-1057
-1056
-1056
-1056
-1056
-1055
-1054
-1054
-1054
-1053
-1053
-1053
-1053
-1053
-1052
-1051
-1051
-1051
-1050
-1050
-1050
-1050
-1050
-1050
-1049
-1049
-1048
-1047
-1047
-1046
-1045
-1044
-1044
-1044
-1044
-1044
-1043
-1042
-1042
-1041
-1041
-1041
-1041
-1041
-1041
-1040
-1040
-1040
-1040
-1039
-1039
-1038
-1038
-1038
-1037
-1036
-1036
-1036
-1036
-1036
-1036
-1035
-1035
-1034
-1034
-1034
-1034
-1033
-1033
-1032
-1031
-1031
-1030
-1030
-1029
-1029
-1029
-1029
-1028
-1028
-1028
-1028
-1028
-1027
-1026
-1025
-1024
-1023
-1023
-1023
-1023
-1023
-1022
-1021
-1021
-1020
-1019
-1019
-1019
-1019
-1018
-1017
-1016
-1016
-1016
-1016
-1015
-1015
-1015
-1015
-1013
-1012
-1012
-1012
-1012
-1011
-1011
-1010
-1010
-1009
-1008
-1008
-1007
-1007
-1007
-1006
-1004
-1004
-1004
-1004
-1003
-1003
-1003
-1003
-1002
-1002
-1002
-1001
-1001
-1001
-1000
-999
-999
-999
-999
-998
-997
-997
-996
-996
-996
-995
-995
-994
-994
-993
-993
-992
-991
-991
-991
-991
-989
-989
-989
-989
-988
-988
-988
-988
-987
-987
-986
-985
-985
-985
-982
-982
-982
-981
-980
-979
-978
-978
-978
-978
-977
-977
-975
-975
-975
-974
-974
-973
-973
-972
-972
-972
-971
-971
-970
-969
-969
-968
-966
-966
-966
-966
-965
-965
-965
-965
-964
-964
-964
-964
-964
-963
-963
-962
-962
-962
-962
-961
-961
-960
-959
-959
-959
-958
-958
-956
-956
-956
-956
-955
-955
-955
-955
-954
-953
-953
-952
-951
-950
-950
-950
-949
-949
-949
-948
-948
-947
-947
-947
-945
-945
-944
-944
-942
-942
-942
-942
-941
-941
-940
-939
-939
-939
-938
-938
-937
-937
-937
-937
-937
-936
-936
-935
-934
-933
-933
-933
-931
-931
-931
-930
-930
-929
-929
-928
-928
-928
-928
-927
-926
-926
-925
-925
-925
-925
-924
-924
-924
-923
-923
-922
-922
-921
-921
-920
-920
-919
-918
-917
-917
-916
-916
-915
-915
-915
-914
-914
-914
-914
-913
-913
-912
-912
-911
-910
-910
-910
-909
-909
-909
-908
-908
-907
-906
-905
-904
-904
-903
-903
-902
-902
-902
-902
-901
-900
-900
-899
-899
-899
-899
-898
-898
-898
-898
-897
-897
-897
-897
-897
-897
-897
-896
-896
-896
-895
-895
-895
-895
-895
-895
-894
-893
-892
-892
-892
-892
-892
-892
-890
-890
-890
-890
-889
-886
-886
-884
-883
-883
-883
-882
-882
-881
-880
-880
-880
-879
-879
-879
-878
-878
-878
-878
-877
-877
-876
-875
-875
-874
-874
-874
-873
-872
-872
-872
-870
-870
-869
-869
-869
-868
-867
-867
-867
-866
-864
-864
-864
-863
-862
-862
-861
-861
-861
-860
-859
-859
-858
-858
-857
-857
-857
-856
-854
-853
-853
-852
-852
-852
-852
-852
-851
-851
-851
-851
-851
-850
-849
-849
-849
-848
-848
-848
-848
-847
-846
-846
-845
-845
-844
-844
-844
-843
-843
-842
-842
-842
-842
-842
-841
-841
-840
-839
-839
-839
-839
-838
-837
-837
-837
-837
-837
-837
-836
-836
-836
-835
-835
-834
-834
-834
-833
-833
-833
-832
-832
-832
-831
-831
-830
-830
-829
-828
-828
-828
-828
-828
-828
-828
-826
-826
-826
-824
-824
-824
-824
-823
-823
-823
-823
-822
-822
-822
-822
-821
-821
-821
-821
-821
-821
-820
-820
-820
-820
-819
-819
-819
-819
-819
-818
-818
-818
-817
-816
-816
-815
-815
-815
-814
-814
-814
-814
-814
-813
-812
-812
-812
-812
-812
-811
-811
-811
-810
-810
-809
-809
-808
-808
-807
-807
-807
-806
-806
-806
-806
-806
-805
-805
-804
-804
-804
-803
-802
-802
-801
-801
-801
-801
-801
-801
-800
-800
-800
-800
-800
-800
-799
-799
-798
-798
-798
-797
-797
-796
-795
-795
-795
-795
-794
-794
-794
-793
-793
-792
-792
-792
-791
-791
-791
-790
-789
-788
-788
-787
-787
-787
-787
-786
-785
-785
-784
-784
-783
-783
-782
-782
-781
-781
-781
-781
-780
-780
-780
-779
-779
-779
-778
-778
-778
-778
-777
-777
-777
-776
-776
-776
-775
-775
-775
-774
-774
-774
-773
-773
-773
-772
-772
-771
-771
-771
-771
-771
-771
-770
-770
-770
-770
-770
-770
-769
-769
-769
-769
-769
-768
-768
-768
-768
-768
-767
-767
-767
-767
-767
-767
-767
-767
-766
-766
-766
-766
-766
-765
-765
-765
-763
-763
-763
-762
-762
-761
-761
-761
-761
-760
-760
-759
-759
-759
-758
-758
-758
-758
-757
-757
-757
-756
-756
-755
-755
-755
-754
-754
-754
-753
-753
-752
-752
-751
-751
-751
-750
-749
-749
-749
-748
-748
-748
-748
-748
-748
-748
-747
-747
-747
-746
-746
-746
-745
-745
-745
-745
-744
-744
-744
-744
-743
-743
-743
-743
-742
-742
-742
-741
-741
-741
-741
-740
-740
-740
-740
-739
-739
-739
-739
-738
-738
-737
-737
-737
-737
-737
-736
-736
-736
-736
-736
-734
-733
-733
-733
-733
-733
-732
-732
-732
-732
-732
-731
-731
-730
-729
-729
-729
-729
-729
-728
-727
-727
-727
-727
-727
-727
-726
-726
-726
-724
-723
-723
-723
-723
-723
-722
-722
-722
-722
-721
-721
-721
-721
-720
-720
-719
-719
-718
-718
-717
-717
-717
-717
-716
-716
-716
-715
-714
-713
-713
-712
-712
-712
-712
-711
-711
-711
-710
-710
-710
-708
-708
-708
-707
-706
-706
-706
-705
-705
-705
-705
-704
-704
-704
-702
-702
-701
-701
-701
-700
-699
-698
-698
-698
-697
-697
-697
-696
-696
-695
-695
-695
-695
-694
-694
-694
-694
-693
-693
-693
-693
-693
-693
-692
-692
-691
-691
-691
-690
-690
-689
-689
-689
-688
-688
-688
-688
-688
-687
-687
-687
-687
-687
-687
-686
-686
-686
-686
-685
-685
-685
-684
-684
-684
-684
-683
-682
-682
-682
-682
-682
-682
-681
-681
-681
-680
-680
-679
-679
-679
-679
-678
-678
-678
-677
-676
-676
-675
-675
-675
-675
-675
-673
-673
-673
-673
-672
-672
-672
-672
-671
-671
-671
-671
-670
-670
-670
-670
-669
-668
-667
-667
-667
-666
-666
-666
-666
-665
-665
-664
-663
-663
-663
-662
-661
-661
-661
-660
-659
-659
-659
-658
-658
-657
-657
-657
-657
-657
-657
-657
-657
-656
-656
-656
-655
-655
-655
-655
-655
-655
-655
-654
-653
-653
-652
-652
-652
-651
-651
-651
-650
-650
-649
-649
-649
-648
-648
-647
-647
-647
-645
-645
-644
-644
-644
-643
-642
-642
-642
-642
-642
-641
-641
-641
-641
-641
-641
-640
-640
-640
-640
-639
-639
-638
-638
-637
-637
-637
-637
-637
-637
-636
-636
-636
-636
-635
-634
-634
-633
-632
-632
-632
-632
-631
-631
-631
-630
-630
-630
-630
-630
-630
-630
-629
-629
-629
-629
-629
-628
-628
-628
-628
-627
-627
-627
-627
-626
-626
-625
-625
-625
-625
-625
-624
-624
-623
-623
-623
-623
-623
-622
-622
-622
-622
-621
-621
-621
-621
-621
-621
-621
-621
-620
-620
-620
-619
-619
-618
-618
-618
-618
-617
-617
-616
-616
-616
-616
-615
-615
-615
-615
-614
-613
-613
-613
-613
-613
-612
-612
-612
-611
-611
-611
-610
-610
-610
-610
-610
-609
-609
-609
-608
-608
-608
-608
-608
-607
-607
-606
-606
-604
-603
-603
-603
-603
-602
-602
-602
-601
-601
-600
-600
-600
-600
-598
-598
-597
-597
-597
-596
-596
-596
-596
-595
-595
-594
-594
-594
-593
-593
-593
-593
-593
-592
-591
-591
-591
-591
-590
-590
-590
-590
-590
-590
-590
-590
-590
-589
-589
-588
-588
-586
-586
-586
-586
-585
-584
-584
-584
-584
-584
-584
-583
-583
-581
-581
-581
-581
-580
-580
-580
-579
-579
-579
-578
-578
-577
-577
-577
-576
-576
-576
-576
-575
-575
-575
-575
-573
-573
-573
-573
-573
-572
-572
-572
-572
-572
-572
-571
-571
-571
-570
-570
-570
-570
-570
-570
-569
-569
-569
-569
-568
-568
-568
-568
-568
-568
-568
-568
-567
-567
-567
-567
-566
-566
-566
-565
-565
-562
-562
-561
-561
-561
-561
-561
-560
-560
-559
-559
-559
-559
-559
-558
-558
-557
-557
-557
-556
-556
-556
-555
-555
-555
-554
-554
-552
-552
-552
-552
-551
-551
-551
-551
-550
-550
-549
-549
-549
-547
-547
-547
-547
-546
-546
-546
-546
-546
-546
-546
-545
-544
-544
-544
-543
-543
-543
-543
-543
-543
-542
-542
-542
-541
-541
-541
-541
-540
-540
-539
-538
-538
-537
-537
-536
-536
-536
-536
-536
-535
-535
-535
-535
-535
-535
-534
-534
-534
-533
-532
-531
-530
-530
-530
-530
-530
-530
-529
-529
-529
-529
-529
-529
-528
-528
-528
-528
-528
-527
-527
-527
-527
-527
-527
-527
-526
-526
-525
-525
-525
-525
-524
-524
-523
-523
-523
-523
-523
-522
-522
-522
-522
-522
-522
-522
-522
-522
-522
-521
-521
-521
-520
-520
-520
-519
-519
-519
-519
-518
-518
-518
-517
-517
-517
-516
-516
-516
-515
-515
-515
-515
-514
-514
-513
-513
-513
-513
-513
-513
-512
-512
-512
-511
-511
-511
-511
-511
-511
-510
-510
-510
-510
-509
-509
-508
-508
-508
-507
-507
-507
-507
-506
-506
-506
-506
-506
-506
-505
-505
-505
-504
-504
-504
-504
-504
-503
-503
-503
-503
-503
-503
-503
-502
-501
-501
-501
-501
-500
-500
-500
-499
-499
-498
-498
-498
-497
-497
-496
-496
-496
-496
-496
-495
-494
-494
-494
-494
-494
-493
-493
-492
-492
-492
-492
-492
-491
-491
-491
-491
-491
-490
-490
-490
-490
-490
-490
-489
-489
-489
-489
-489
-489
-489
-487
-486
-486
-486
-486
-484
-484
-484
-484
-484
-483
-483
-483
-483
-482
-481
-481
-481
-481
-480
-480
-480
-480
-479
-479
-478
-478
-478
-478
-478
-477
-477
-477
-477
-477
-476
-476
-476
-475
-475
-475
-475
-474
-474
-474
-474
-473
-473
-472
-472
-472
-471
-471
-470
-470
-470
-469
-469
-469
-469
-468
-468
-468
-468
-468
-468
-467
-467
-467
-467
-466
-466
-466
-466
-466
-465
-465
-465
-465
-465
-465
-464
-464
-463
-463
-463
-463
-463
-462
-462
-462
-462
-461
-461
-461
-461
-461
-461
-460
-460
-460
-460
-460
-460
-460
-459
-459
-458
-458
-458
-458
-457
-457
-456
-456
-456
-456
-456
-456
-456
-456
-456
-456
-455
-455
-455
-455
-455
-454
-454
-454
-454
-453
-452
-452
-451
-451
-451
-451
-451
-450
-450
-450
-450
-449
-449
-449
-449
-449
-448
-448
-448
-448
-448
-448
-448
-448
-447
-447
-447
-447
-446
-446
-446
-446
-446
-445
-445
-445
-445
-444
-444
-444
-443
-443
-443
-443
-442
-442
-441
-441
-441
-440
-440
-440
-439
-439
-438
-438
-437
-437
-437
-437
-436
-436
-436
-435
-434
-434
-434
-433
-433
-433
-433
-433
-432
-432
-432
-432
-432
-431
-431
-431
-431
-430
-430
-430
-430
-429
-429
-428
-428
-428
-428
-427
-427
-427
-427
-427
-427
-427
-426
-426
-426
-426
-426
-426
-426
-426
-425
-425
-425
-425
-425
-425
-424
-424
-424
-424
-424
-424
-424
-423
-423
-423
-423
-423
-422
-422
-422
-422
-422
-422
-421
-421
-421
-421
-420
-420
-420
-420
-420
-420
-419
-419
-419
-419
-419
-418
-417
-417
-417
-417
-417
-417
-416
-416
-416
-416
-415
-415
-414
-414
-413
-413
-412
-412
-412
-412
-412
-412
-411
-411
-411
-411
-411
-410
-410
-410
-410
-409
-409
-409
-408
-408
-408
-408
-407
-407
-407
-406
-406
-406
-406
-406
-406
-405
-405
-404
-404
-404
-404
-403
-403
-403
-402
-402
-402
-401
-401
-401
-400
-400
-399
-399
-399
-398
-398
-398
-398
-398
-397
-397
-397
-397
-397
-397
-397
-397
-396
-396
-396
-396
-395
-395
-395
-395
-394
-394
-394
-394
-394
-393
-393
-393
-392
-392
-392
-392
-392
-391
-390
-390
-389
-389
-389
-389
-389
-389
-388
-388
-388
-388
-388
-387
-387
-386
-386
-386
-385
-385
-385
-385
-384
-384
-383
-383
-383
-383
-381
-381
-381
-380
-380
-380
-379
-379
-379
-378
-378
-377
-377
-377
-377
-377
-377
-377
-376
-376
-376
-376
-375
-375
-375
-374
-374
-374
-373
-373
-373
-372
-372
-371
-371
-371
-371
-371
-370
-370
-369
-369
-369
-369
-368
-368
-368
-368
-368
-368
-367
-367
-367
-367
-367
-367
-367
-366
-366
-366
-366
-366
-366
-366
-366
-366
-365
-365
-365
-364
-364
-364
-364
-364
-364
-363
-363
-363
-362
-362
-362
-362
-362
-361
-361
-361
-361
-361
-360
-360
-360
-360
-360
-359
-359
-359
-359
-359
-358
-358
-357
-357
-357
-357
-357
-357
-357
-356
-356
-356
-355
-355
-355
-355
-355
-354
-354
-353
-352
-352
-352
-351
-351
-351
-351
-350
-350
-349
-348
-348
-347
-347
-347
-347
-347
-346
-346
-345
-345
-345
-344
-344
-344
-344
-344
-344
-343
-343
-343
-343
-343
-342
-342
-341
-341
-341
-340
-340
-340
-340
-340
-339
-339
-338
-338
-338
-338
-338
-337
-337
-337
-336
-336
-336
-336
-336
-335
-335
-334
-334
-334
-334
-334
-333
-333
-333
-333
-333
-333
-333
-333
-332
-332
-332
-331
-331
-330
-329
-329
-329
-329
-329
-328
-328
-328
-328
-328
-328
-327
-327
-327
-326
-326
-325
-325
-325
-325
-324
-324
-324
-324
-323
-323
-322
-322
-322
-322
-321
-321
-321
-321
-321
-320
-320
-320
-319
-319
-319
-319
-319
-318
-318
-317
-316
-316
-315
-315
-315
-315
-315
-314
-314
-314
-313
-313
-312
-312
-312
-312
-312
-311
-311
-311
-310
-310
-309
-309
-309
-308
-308
-307
-307
-307
-306
-306
-305
-305
-305
-305
-305
-305
-304
-304
-304
-303
-303
-303
-302
-302
-301
-301
-301
-300
-300
-300
-300
-299
-299
-299
-299
-299
-299
-299
-299
-298
-298
-298
-298
-297
-297
-296
-296
-296
-296
-296
-296
-295
-295
-294
-294
-294
-294
-294
-294
-293
-293
-293
-293
-292
-292
-292
-292
-291
-291
-291
-291
-291
-290
-290
-290
-290
-289
-289
-289
-288
-288
-288
-288
-288
-287
-286
-286
-286
-286
-285
-285
-285
-284
-284
-283
-283
-282
-282
-282
-282
-281
-281
-281
-281
-281
-281
-281
-279
-279
-279
-279
-279
-279
-279
-278
-278
-278
-278
-277
-277
-276
-276
-276
-276
-276
-276
-276
-276
-276
-275
-275
-275
-275
-274
-274
-274
-273
-273
-272
-272
-272
-272
-272
-272
-272
-271
-271
-271
-271
-271
-271
-271
-271
-270
-270
-270
-270
-269
-269
-268
-268
-268
-268
-267
-267
-267
-266
-266
-266
-266
-266
-266
-266
-266
-266
-266
-266
-264
-263
-263
-263
-262
-262
-262
-262
-262
-261
-261
-261
-261
-260
-260
-259
-259
-259
-259
-258
-258
-258
-257
-257
-257
-257
-257
-256
-256
-256
-256
-256
-255
-255
-254
-253
-253
-253
-253
-253
-252
-252
-252
-252
-252
-251
-251
-251
-251
-250
-250
-250
-250
-250
-249
-249
-249
-249
-248
-248
-247
-246
-246
-245
-245
-245
-245
-245
-244
-244
-244
-243
-243
-243
-243
-243
-243
-242
-242
-242
-242
-241
-241
-241
-241
-240
-240
-239
-239
-239
-239
-239
-238
-238
-238
-237
-237
-236
-236
-236
-236
-236
-235
-235
-235
-235
-234
-234
-233
-233
-233
-232
-232
-232
-232
-232
-232
-231
-231
-231
-230
-230
-230
-230
-230
-229
-229
-229
-228
-228
-228
-227
-227
-227
-227
-226
-226
-225
-225
-225
-225
-225
-225
-225
-225
-224
-223
-222
-222
-222
-220
-220
-220
-220
-220
-220
-220
-219
-219
-219
-219
-218
-218
-218
-218
-218
-217
-217
-217
-216
-216
-216
-216
-216
-216
-215
-214
-214
-213
-213
-212
-212
-212
-212
-212
-212
-211
-211
-211
-210
-209
-209
-209
-209
-209
-209
-209
-209
-208
-208
-208
-208
-208
-207
-207
-207
-206
-206
-205
-205
-205
-204
-204
-204
-204
-204
-204
-204
-203
-203
-203
-203
-202
-202
-202
-202
-202
-202
-201
-201
-201
-201
-201
-200
-200
-200
-200
-200
-199
-199
-199
-198
-198
-198
-197
-197
-197
-197
-196
-196
-196
-196
-196
-195
-195
-194
-194
-194
-194
-193
-193
-192
-192
-192
-192
-192
-191
-191
-190
-190
-190
-189
-189
-188
-188
-188
-188
-188
-188
-187
-187
-187
-187
-187
-186
-186
-186
-186
-185
-185
-185
-184
-184
-184
-184
-184
-183
-183
-183
-183
-183
-183
-183
-182
-181
-181
-181
-180
-180
-179
-179
-179
-179
-179
-179
-179
-179
-178
-178
-177
-177
-177
-177
-177
-176
-176
-176
-176
-175
-175
-175
-175
-175
-174
-174
-174
-173
-173
-173
-172
-172
-172
-172
-172
-172
-172
-172
-171
-170
-170
-170
-170
-170
-169
-169
-169
-168
-168
-168
-167
-167
-167
-167
-167
-166
-166
-166
-166
-166
-165
-165
-165
-164
-164
-163
-163
-163
-162
-162
-162
-162
-161
-161
-161
-160
-160
-160
-159
-157
-157
-157
-157
-156
-156
-156
-156
-155
-155
-155
-154
-154
-154
-154
-154
-153
-153
-153
-153
-152
-152
-152
-152
-152
-151
-151
-151
-151
-151
-151
-151
-150
-150
-150
-149
-149
-149
-149
-149
-148
-148
-148
-148
-148
-148
-148
-148
-147
-147
-147
-147
-146
-146
-146
-146
-145
-145
-145
-144
-144
-143
-143
-143
-143
-143
-143
-142
-142
-142
-142
-141
-141
-141
-141
-141
-141
-141
-140
-140
-140
-140
-140
-140
-140
-140
-140
-140
-139
-139
-139
-139
-138
-138
-138
-138
-138
-137
-137
-137
-137
-136
-136
-136
-135
-135
-134
-134
-134
-133
-133
-133
-132
-132
-132
-132
-131
-131
-131
-131
-131
-131
-130
-130
-130
-129
-129
-129
-129
-128
-128
-127
-126
-126
-126
-126
-126
-126
-126
-126
-126
-126
-125
-125
-125
-124
-124
-124
-124
-124
-124
-124
-124
-123
-123
-123
-122
-122
-122
-121
-121
-121
-121
-120
-120
-120
-120
-119
-119
-118
-118
-118
-118
-118
-118
-118
-118
-117
-117
-117
-117
-116
-116
-115
-115
-115
-115
-114
-114
-113
-113
-113
-112
-112
-112
-112
-112
-112
-111
-111
-111
-110
-110
-110
-110
-110
-109
-109
-109
-109
-108
-108
-107
-107
-107
-107
-106
-106
-106
-105
-105
-104
-103
-103
-103
-102
-102
-102
-102
-102
-101
-101
-101
-101
-101
-100
-100
-100
-100
-100
-100
-99
-99
-99
-99
-99
-98
-98
-98
-98
-98
-98
-98
-97
-97
-97
-97
-97
-97
-96
-96
-96
-96
-96
-96
-95
-93
-93
-93
-93
-93
-93
-93
-92
-92
-92
-92
-92
-91
-91
-91
-91
-91
-90
-90
-90
-90
-89
-89
-89
-88
-88
-88
-88
-88
-87
-87
-87
-87
-87
-86
-86
-85
-85
-85
-85
-84
-84
-84
-84
-84
-84
-83
-83
-83
-83
-83
-83
-83
-82
-82
-82
-82
-82
-82
-81
-81
-81
-81
-81
-81
-81
-81
-81
-81
-80
-80
-80
-80
-79
-79
-79
-79
-79
-78
-78
-78
-78
-78
-78
-78
-77
-77
-77
-77
-77
-76
-75
-75
-75
-75
-75
-74
-74
-74
-74
-74
-74
-73
-73
-73
-72
-72
-72
-72
-70
-70
-70
-69
-69
-69
-69
-69
-69
-68
-68
-67
-67
-67
-67
-66
-66
-66
-65
-65
-65
-65
-65
-64
-64
-64
-64
-64
-64
-64
-63
-63
-63
-63
-63
-62
-62
-62
-61
-61
-61
-61
-61
-61
-61
-60
-60
-60
-60
-59
-59
-59
-59
-58
-58
-58
-58
-58
-57
-57
-57
-57
-57
-57
-57
-57
-56
-56
-56
-55
-55
-55
-55
-54
-54
-53
-53
-53
-53
-52
-52
-52
-52
-52
-51
-51
-51
-50
-50
-50
-50
-50
-50
-50
-49
-49
-49
-49
-49
-48
-48
-48
-48
-47
-47
-47
-47
-47
-46
-46
-46
-46
-46
-46
-46
-46
-45
-44
-44
-43
-43
-43
-43
-42
-42
-41
-41
-41
-41
-40
-40
-40
-40
-40
-40
-39
-39
-38
-38
-38
-38
-37
-37
-37
-37
-37
-36
-36
-36
-36
-36
-36
-35
-35
-35
-35
-34
-34
-34
-33
-33
-32
-32
-32
-31
-30
-30
-29
-28
-28
-28
-28
-28
-27
-27
-27
-27
-26
-26
-26
-25
-24
-24
-24
-24
-23
-23
-23
-23
-23
-22
-22
-22
-22
-22
-21
-21
-20
-20
-20
-20
-20
-20
-20
-19
-19
-19
-19
-19
-18
-18
-18
-18
-18
-17
-17
-17
-17
-17
-17
-17
-16
-16
-16
-16
-16
-15
-15
-15
-14
-14
-14
-14
-13
-13
-13
-13
-13
-13
-12
-12
-12
-12
-12
-12
-11
-11
-11
-10
-10
-10
-10
-10
-10
-10
-10
-9
-9
-9
-9
-9
-9
-9
-8
-8
-8
-8
-7
-7
-7
-7
-7
-7
-6
-6
-6
-5
-5
-5
-5
-5
-4
-4
-4
-4
-4
-4
-4
-3
-3
-2
-2
-2
-2
-1
-1
-1
0
0
0
0
0
0
0
0
1
1
1
1
1
1
2
2
2
2
2
2
2
2
3
3
3
3
3
4
4
5
5
6
6
6
7
7
7
7
7
8
8
8
8
8
8
8
8
9
9
9
10
10
10
11
11
11
11
11
11
11
11
12
12
12
12
12
13
13
13
13
13
13
13
13
14
14
14
14
14
14
15
15
15
15
15
16
16
16
16
16
16
16
17
17
18
18
18
18
18
18
18
18
19
19
20
20
20
20
20
20
21
21
21
21
22
22
22
22
23
23
23
23
24
24
25
25
25
25
25
25
25
27
27
27
28
28
28
29
29
29
29
29
30
30
30
30
30
30
31
31
31
31
31
32
32
32
32
33
33
33
33
33
33
33
34
34
34
34
34
34
34
35
35
35
35
35
35
35
36
36
36
36
37
37
38
39
40
40
40
40
40
41
41
41
41
42
42
42
42
43
43
43
44
44
45
46
46
46
47
47
48
48
48
49
49
49
49
50
51
51
51
51
52
52
52
52
52
52
52
53
53
53
54
54
55
55
55
56
56
56
56
56
57
57
57
57
57
57
57
58
59
59
59
59
59
59
59
60
60
60
60
60
61
61
61
61
62
62
62
62
62
63
63
63
63
64
64
64
65
65
65
65
65
65
65
66
66
66
66
66
66
66
66
67
67
67
67
67
67
68
68
68
68
68
68
69
69
70
71
71
71
72
72
72
72
73
73
73
73
73
74
74
74
74
74
74
75
75
75
76
76
76
76
76
76
76
77
77
77
77
77
78
78
78
78
79
79
79
80
80
80
80
80
80
81
81
83
83
83
84
85
85
85
85
85
86
86
86
87
87
87
88
88
89
89
90
91
91
91
91
91
91
91
92
92
92
92
92
92
92
92
93
94
94
94
94
95
95
95
96
96
96
96
97
97
97
97
97
98
98
98
98
98
98
98
99
99
99
99
100
100
100
100
101
101
101
102
102
102
103
103
103
103
103
103
104
104
104
104
104
104
104
105
105
105
106
106
106
106
106
106
106
107
107
107
107
108
108
108
109
109
109
109
109
109
110
110
110
110
110
110
110
110
111
111
111
111
112
112
112
112
112
112
113
113
113
113
113
114
114
114
114
114
115
115
115
115
116
116
117
117
117
117
118
118
118
118
118
119
119
119
119
120
120
120
120
121
121
121
121
122
122
122
122
122
122
122
123
123
123
123
124
125
125
126
126
127
127
127
127
127
128
128
130
130
130
131
131
131
131
131
131
131
131
131
131
132
132
132
132
133
133
133
133
133
133
134
134
134
134
134
135
135
135
135
136
136
137
137
138
138
138
138
138
139
139
139
139
139
139
139
139
140
140
141
141
141
141
142
142
143
143
143
143
144
144
144
144
144
144
145
145
146
146
146
146
147
148
148
148
149
149
149
150
150
150
151
151
151
151
151
151
152
152
153
153
153
153
153
153
153
153
154
154
154
154
154
154
154
155
155
155
155
156
156
156
156
156
156
156
157
157
157
157
157
157
158
158
158
158
158
159
159
159
159
159
160
160
160
160
160
160
161
161
161
161
161
161
162
162
162
163
163
163
163
163
164
164
164
164
164
166
166
166
166
166
166
166
166
166
167
167
167
167
167
168
168
168
169
169
169
169
169
170
171
171
171
171
172
172
172
172
173
173
174
174
175
176
176
176
176
176
177
177
177
177
177
178
178
178
178
179
179
179
180
180
180
180
180
181
181
181
181
182
182
182
182
182
182
182
183
183
183
183
184
184
184
185
185
185
185
185
186
186
186
186
186
186
186
186
186
186
187
187
187
188
188
190
190
190
191
191
191
192
192
192
193
193
193
193
194
194
194
194
194
194
194
195
195
195
196
196
196
196
197
197
197
197
197
197
198
198
198
198
198
198
198
199
199
199
199
199
200
201
202
202
203
203
203
203
204
204
205
206
206
206
206
207
207
208
208
209
210
210
210
211
211
211
211
212
212
212
212
212
213
213
213
213
214
214
214
214
215
215
215
215
215
216
216
216
216
216
217
217
218
218
218
218
218
219
219
219
219
219
219
219
219
219
220
220
220
220
220
221
221
222
222
222
222
222
222
223
223
223
225
225
225
226
227
227
227
227
228
228
228
229
230
231
231
232
232
232
232
232
233
233
233
234
234
234
235
235
236
236
236
237
237
237
237
238
238
238
238
239
240
240
240
240
241
241
241
242
243
243
243
244
244
244
245
245
245
246
246
246
247
247
248
248
248
248
248
248
248
248
248
249
249
249
249
250
250
250
250
251
251
251
251
251
251
252
252
252
252
252
253
253
253
253
253
253
253
253
254
254
255
255
255
255
256
257
257
257
257
258
258
259
259
259
259
259
259
259
260
260
260
260
260
260
260
261
261
261
261
261
262
262
262
262
262
263
263
263
263
263
264
264
264
264
264
265
265
265
265
266
266
266
266
266
266
266
266
266
267
267
267
267
267
267
267
268
268
268
269
269
269
269
269
270
270
270
270
270
270
271
271
271
271
272
272
273
273
273
274
274
276
276
276
276
276
276
277
277
277
277
278
278
278
278
279
279
279
279
280
280
280
280
281
281
281
281
281
282
282
283
283
283
283
283
283
283
284
284
284
284
284
285
285
285
285
285
286
286
286
286
286
286
286
287
287
287
287
288
288
288
289
289
289
289
289
289
290
290
290
290
291
291
291
291
292
292
293
293
293
293
293
293
294
294
294
294
295
295
296
296
296
297
297
297
297
297
297
298
298
298
298
298
299
300
300
300
301
301
301
301
302
302
302
303
303
303
303
303
303
303
303
303
304
304
304
304
305
305
305
305
306
306
306
307
307
307
307
308
308
308
309
309
309
309
309
310
310
310
310
311
311
311
311
311
311
311
312
312
313
313
314
314
315
315
315
315
316
316
316
317
317
317
317
317
318
318
319
319
320
320
320
321
321
321
321
322
322
322
323
323
323
323
323
323
324
324
325
325
326
326
326
327
327
327
327
327
327
328
328
328
329
329
329
329
329
330
330
330
330
331
331
331
332
332
332
333
333
333
333
333
333
334
334
334
334
334
334
335
335
335
336
336
336
336
336
337
337
338
338
338
338
338
338
339
339
339
340
341
341
341
342
342
343
343
343
343
344
344
344
344
344
345
345
345
345
346
346
346
346
346
346
346
346
347
347
348
348
348
348
348
348
348
349
349
349
349
349
349
350
350
351
351
351
351
351
352
352
352
352
352
352
352
353
354
354
354
354
354
354
355
355
355
355
356
356
356
356
356
357
357
357
358
358
358
358
358
358
358
359
359
359
360
360
360
360
360
360
360
360
360
361
361
361
363
363
363
363
363
364
366
366
366
366
367
367
368
368
368
368
368
368
368
368
368
368
369
369
369
370
370
370
370
371
371
371
372
372
372
372
373
373
373
373
373
374
375
375
375
376
376
376
377
377
377
378
378
379
379
379
379
380
380
381
381
381
381
383
383
383
383
383
384
384
385
385
385
385
385
386
386
386
387
387
387
388
388
388
388
388
388
389
389
390
390
390
390
391
391
391
391
391
391
393
394
394
394
395
395
396
396
396
396
397
397
397
397
398
398
399
399
399
399
399
399
400
400
400
400
400
401
401
402
402
402
402
402
402
403
403
403
403
403
403
404
404
404
404
405
405
405
406
406
406
406
407
408
408
408
408
408
409
409
409
409
409
410
410
411
411
411
411
412
413
413
413
413
413
414
415
415
415
415
415
415
416
416
417
417
417
417
417
418
418
418
419
419
419
419
420
420
420
420
420
421
421
421
421
421
422
422
423
423
423
423
424
424
424
424
425
425
426
426
426
426
426
427
428
428
428
429
429
429
430
430
430
431
431
431
431
432
432
432
432
433
433
434
434
434
434
434
435
435
435
435
435
435
436
436
437
437
437
439
440
441
441
442
442
442
442
442
443
443
444
444
446
446
447
447
447
448
448
448
449
449
449
449
450
450
451
452
452
453
453
453
454
454
454
455
455
455
456
456
456
457
457
457
457
457
457
458
458
458
458
459
459
459
459
459
460
460
460
461
462
462
462
462
462
463
463
464
464
464
464
464
464
465
465
466
466
466
466
466
467
467
467
468
468
468
469
469
470
470
470
470
470
470
470
470
470
470
470
470
471
471
471
472
472
472
472
472
473
473
474
474
474
474
475
475
475
475
475
476
477
477
478
479
479
480
480
480
480
480
481
481
481
482
482
482
482
482
483
483
483
484
484
484
485
485
485
486
486
486
486
486
486
487
487
487
487
487
487
488
488
488
488
488
489
489
490
490
490
490
490
490
490
491
493
494
495
496
496
496
496
496
497
498
498
498
498
498
498
499
499
499
499
499
499
499
499
499
500
500
500
500
501
501
501
501
501
502
502
502
502
504
504
504
504
504
504
504
504
505
505
505
506
506
507
508
508
508
508
509
509
509
509
509
510
510
510
510
510
510
511
511
512
513
513
513
513
513
514
514
514
515
515
515
515
515
516
516
517
517
517
518
518
519
519
519
519
520
520
520
520
520
520
521
521
521
521
521
522
522
522
522
522
522
522
522
523
523
523
523
523
523
524
524
524
525
525
525
525
526
526
527
527
527
527
528
528
528
528
529
530
530
530
531
531
532
532
532
532
533
533
533
534
534
534
535
535
536
536
536
537
537
537
537
538
538
538
538
538
538
538
539
539
540
540
540
540
541
541
541
541
541
542
542
542
542
543
543
543
544
544
545
545
546
546
546
546
547
547
547
548
548
549
549
550
550
550
551
551
551
551
551
551
551
551
551
552
552
552
553
553
553
553
554
554
555
555
555
556
556
556
556
556
557
558
558
559
559
559
559
560
561
562
562
562
563
563
563
564
564
564
565
565
565
565
565
565
566
567
567
568
568
568
568
569
569
569
569
569
570
570
570
572
572
572
572
573
574
574
574
575
575
575
575
575
575
575
575
575
575
575
575
576
576
577
577
577
577
577
577
577
578
578
578
578
578
578
578
578
578
579
579
579
579
579
580
580
581
581
581
581
581
581
582
582
582
582
582
583
583
583
583
583
584
584
584
584
585
585
585
586
587
588
588
588
588
588
589
589
589
589
589
590
590
590
590
590
591
591
591
591
592
592
592
593
593
593
594
594
594
595
595
596
596
596
596
596
596
596
596
597
597
597
597
597
597
598
598
598
598
598
598
598
599
599
599
599
599
600
600
600
601
602
602
602
602
603
603
603
603
603
603
604
604
604
605
605
605
605
605
605
606
606
606
607
607
607
608
608
609
609
610
610
610
610
610
611
612
612
612
612
612
612
612
612
613
613
613
614
614
614
614
614
614
615
615
616
616
617
617
617
617
618
618
619
619
619
619
619
619
620
620
621
622
622
623
623
624
624
624
624
624
624
625
625
625
626
626
627
627
627
627
628
628
629
629
629
629
629
630
630
630
632
632
632
632
632
632
633
633
633
633
634
634
634
634
635
635
635
635
636
636
636
637
637
638
638
638
638
639
640
640
641
641
642
643
644
644
645
645
645
645
645
646
646
647
647
647
648
648
648
649
649
649
649
649
650
650
650
650
651
651
651
651
651
652
652
652
652
653
653
653
653
654
654
654
654
654
654
655
656
657
657
657
658
659
659
659
659
659
659
659
660
660
660
660
661
661
661
662
662
662
662
663
664
664
665
665
666
666
666
666
666
666
666
667
667
667
668
668
668
668
669
669
669
669
670
670
670
670
671
671
671
671
672
672
672
672
673
673
673
674
674
675
675
676
676
676
677
677
677
678
678
678
678
679
679
679
679
680
680
680
680
681
681
681
681
681
683
683
684
685
685
686
686
686
687
687
687
687
688
688
688
688
689
689
690
690
691
691
691
691
692
692
692
692
693
693
693
693
694
695
695
696
696
697
697
698
698
698
698
698
699
699
699
700
700
700
701
701
701
702
702
702
702
703
703
704
704
704
704
705
706
706
706
707
707
707
708
708
709
710
710
710
711
711
711
711
711
711
712
712
712
713
713
713
713
713
713
714
715
715
715
715
715
715
715
716
716
716
717
717
717
718
718
718
718
719
719
719
720
720
721
721
721
722
723
723
723
723
724
724
725
725
726
726
727
728
728
729
730
730
730
730
730
730
731
731
731
731
731
731
732
732
733
734
734
734
735
735
735
735
735
736
736
736
736
736
736
736
736
737
737
737
738
738
738
739
739
740
740
741
741
741
742
742
742
743
744
745
745
745
746
746
746
746
746
747
747
747
748
748
748
748
748
748
749
749
749
750
750
750
750
751
751
752
752
753
753
754
754
754
754
754
754
754
755
755
755
756
756
756
756
756
757
757
757
758
758
759
759
759
759
759
760
760
760
760
761
762
762
763
764
764
764
764
764
765
765
766
766
766
766
766
766
766
766
766
766
767
767
768
769
770
770
770
771
771
772
773
774
774
774
775
775
775
775
775
776
776
777
777
778
778
778
778
781
781
781
782
783
784
784
784
784
785
785
785
786
786
786
787
787
787
788
789
789
789
790
790
790
790
791
792
792
792
793
793
793
794
794
794
794
794
794
795
795
795
795
795
795
796
796
796
796
796
797
797
797
797
798
798
798
798
798
798
798
799
799
799
799
799
800
802
804
804
804
804
804
804
804
805
806
806
807
807
807
807
807
808
808
808
809
809
809
809
809
810
810
810
812
812
812
813
813
813
813
813
813
814
814
814
815
815
815
815
816
817
817
818
818
818
819
820
820
821
821
821
821
822
822
823
823
823
823
823
825
827
828
828
829
829
830
830
830
830
831
831
831
832
832
833
833
834
835
835
836
836
837
837
837
837
838
838
838
838
839
839
840
840
840
841
842
842
842
843
844
844
844
844
845
845
845
845
845
845
846
846
846
846
847
847
848
848
848
848
849
849
849
849
849
850
851
851
851
851
851
852
852
854
854
854
854
855
855
856
857
858
858
859
859
859
859
859
860
860
860
860
861
861
861
861
861
862
862
863
863
863
863
864
865
865
865
866
866
866
866
866
867
867
868
868
868
869
869
869
870
870
871
871
872
872
873
873
873
873
875
875
876
877
877
878
878
878
879
879
879
879
880
881
881
881
881
881
881
881
882
882
883
883
885
885
885
886
886
887
888
888
888
888
888
888
888
889
889
889
889
889
890
890
891
891
891
892
892
893
893
893
894
894
895
895
895
895
896
896
897
897
897
897
897
897
898
898
898
899
899
899
899
899
899
899
900
900
900
901
901
901
902
902
902
902
903
904
904
904
904
906
906
907
907
907
908
909
909
911
911
912
913
913
913
913
914
914
914
915
915
916
917
917
917
918
918
919
919
920
920
920
921
921
921
921
921
922
922
922
922
923
923
923
923
923
923
923
924
924
924
925
925
925
926
926
926
928
928
928
929
929
929
929
930
931
931
931
932
933
934
935
935
935
935
936
936
937
937
937
938
939
939
939
939
940
940
940
942
942
942
942
942
942
943
943
943
943
944
944
944
945
945
945
945
946
946
947
948
948
948
948
949
949
949
949
949
949
949
950
950
950
951
951
951
952
953
953
953
954
954
955
956
956
956
956
956
957
958
958
958
959
960
961
962
962
962
963
963
963
964
964
964
964
965
965
966
966
966
967
967
967
968
968
969
970
971
971
971
971
972
972
972
972
972
973
974
974
974
975
975
976
977
977
977
977
978
979
980
980
980
981
981
981
981
981
983
984
984
986
987
987
987
988
988
988
989
989
989
990
990
993
993
994
994
994
994
995
997
997
997
998
998
999
1000
1000
1000
1001
1001
1001
1002
1002
1002
1002
1002
1002
1003
1003
1004
1004
1004
1005
1005
1005
1006
1007
1007
1007
1008
1008
1009
1011
1011
1012
1012
1012
1012
1012
1013
1013
1014
1014
1014
1015
1015
1015
1015
1016
1016
1016
1017
1018
1018
1018
1019
1019
1019
1019
1019
1020
1020
1020
1020
1020
1020
1021
1021
1021
1021
1022
1023
1023
1024
1025
1025
1025
1025
1025
1026
1026
1026
1027
1027
1028
1028
1029
1029
1029
1030
1030
1031
1032
1032
1032
1033
1033
1034
1034
1034
1034
1035
1036
1036
1036
1037
1037
1038
1038
1038
1040
1040
1040
1041
1042
1042
1042
1042
1043
1043
1044
1045
1046
1046
1046
1046
1046
1047
1047
1047
1048
1048
1048
1048
1048
1049
1050
1050
1052
1052
1052
1053
1054
1055
1056
1056
1057
1057
1057
1057
1058
1058
1059
1059
1060
1061
1061
1063
1063
1064
1064
1064
1064
1065
1066
1067
1068
1068
1069
1070
1070
1070
1070
1071
1072
1073
1074
1074
1074
1075
1075
1078
1078
1079
1080
1081
1082
1082
1082
1083
1083
1084
1084
1084
1084
1085
1085
1085
1086
1087
1087
1087
1087
1089
1089
1089
1089
1090
1090
1090
1091
1091
1091
1091
1091
1092
1093
1093
1093
1094
1094
1094
1095
1095
1095
1096
1096
1096
1096
1096
1096
1096
1097
1097
1097
1098
1098
1098
1098
1098
1098
1099
1099
1100
1100
1101
1101
1102
1102
1102
1103
1103
1104
1104
1104
1105
1107
1108
1108
1109
1109
1110
1110
1110
1110
1110
1111
1111
1112
1112
1112
1113
1113
1114
1114
1115
1115
1115
1116
1116
1117
1118
1118
1119
1119
1120
1120
1120
1121
1121
1121
1122
1122
1123
1123
1123
1123
1123
1123
1124
1124
1125
1126
1126
1126
1126
1126
1127
1128
1128
1128
1128
1129
1129
1130
1130
1130
1131
1132
1133
1133
1134
1135
1135
1135
1135
1136
1137
1137
1139
1140
1141
1141
1142
1142
1143
1144
1144
1145
1145
1146
1146
1146
1148
1150
1150
1151
1152
1153
1153
1154
1154
1155
1156
1157
1157
1157
1158
1158
1159
1161
1162
1162
1163
1163
1163
1164
1165
1165
1166
1166
1168
1169
1169
1169
1169
1170
1171
1172
1174
1175
1175
1175
1175
1176
1176
1176
1177
1177
1178
1178
1178
1178
1179
1179
1180
1181
1181
1181
1182
1182
1182
1183
1183
1183
1185
1186
1186
1186
1187
1187
1187
1188
1188
1188
1188
1189
1189
1190
1190
1191
1191
1192
1193
1193
1193
1193
1193
1194
1195
1195
1195
1196
1196
1196
1197
1197
1198
1198
1198
1199
1199
1202
1202
1204
1205
1205
1206
1206
1207
1207
1207
1208
1209
1209
1211
1211
1211
1212
1212
1212
1212
1213
1213
1213
1214
1215
1217
1217
1218
1218
1220
1220
1221
1221
1221
1221
1222
1222
1222
1223
1223
1224
1224
1225
1226
1226
1226
1226
1226
1226
1227
1227
1227
1228
1228
1228
1229
1230
1230
1230
1231
1231
1231
1232
1232
1232
1232
1233
1233
1234
1234
1235
1236
1236
1237
1238
1238
1239
1239
1240
1241
1242
1242
1244
1245
1246
1246
1246
1246
1247
1247
1248
1249
1249
1249
1250
1250
1250
1251
1251
1251
1252
1252
1252
1252
1253
1254
1254
1255
1255
1257
1259
1259
1260
1260
1260
1260
1261
1263
1263
1263
1264
1265
1267
1267
1268
1268
1269
1269
1269
1271
1271
1271
1272
1272
1272
1272
1272
1272
1273
1274
1274
1274
1274
1276
1276
1276
1277
1277
1278
1278
1279
1279
1279
1280
1280
1282
1282
1282
1282
1284
1285
1285
1285
1286
1286
1287
1287
1288
1290
1290
1290
1290
1293
1294
1295
1297
1298
1298
1299
1300
1300
1300
1300
1301
1302
1304
1304
1304
1305
1306
1306
1307
1307
1307
1307
1308
1308
1309
1309
1309
1310
1310
1310
1311
1311
1311
1312
1312
1313
1314
1314
1314
1314
1315
1316
1316
1316
1316
1318
1319
1320
1320
1320
1323
1323
1324
1325
1326
1326
1327
1329
1329
1330
1331
1331
1332
1333
1334
1335
1336
1336
1337
1338
1338
1338
1339
1340
1340
1340
1341
1341
1342
1343
1343
1344
1345
1345
1345
1346
1346
1347
1348
1349
1349
1349
1350
1351
1351
1351
1352
1352
1353
1353
1355
1355
1357
1358
1359
1360
1360
1361
1361
1362
1362
1362
1362
1364
1365
1368
1368
1368
1369
1369
1369
1374
1374
1374
1374
1376
1376
1378
1379
1379
1380
1380
1383
1383
1383
1383
1383
1384
1384
1384
1385
1386
1387
1387
1387
1389
1389
1389
1390
1390
1390
1391
1392
1392
1392
1393
1393
1393
1394
1394
1394
1394
1396
1397
1397
1399
1400
1400
1401
1402
1403
1404
1404
1405
1406
1406
1406
1406
1406
1407
1409
1409
1409
1409
1410
1412
1412
1414
1414
1414
1415
1418
1419
1419
1419
1421
1422
1422
1422
1422
1424
1424
1424
1425
1425
1426
1430
1430
1430
1430
1431
1431
1431
1432
1432
1433
1434
1435
1436
1436
1437
1438
1439
1440
1440
1440
1441
1441
1442
1443
1443
1443
1445
1445
1446
1446
1446
1446
1446
1446
1447
1447
1447
1448
1448
1448
1451
1451
1452
1452
1452
1453
1453
1454
1456
1456
1456
1456
1459
1459
1459
1460
1460
1461
1461
1461
1462
1462
1463
1463
1463
1464
1465
1465
1465
1465
1466
1467
1467
1467
1467
1468
1469
1470
1470
1470
1471
1472
1472
1473
1474
1475
1475
1475
1476
1476
1477
1478
1479
1480
1480
1481
1482
1483
1484
1485
1485
1485
1488
1490
1493
1495
1496
1496
1498
1499
1499
1500
1501
1503
1503
1504
1507
1509
1510
1512
1513
1513
1514
1515
1517
1517
1518
1519
1519
1520
1522
1522
1523
1524
1525
1526
1526
1527
1528
1528
1529
1529
1530
1533
1534
1535
1536
1536
1537
1537
1537
1538
1538
1540
1542
1542
1544
1545
1545
1546
1548
1548
1549
1549
1550
1551
1552
1552
1553
1553
1554
1554
1556
1558
1558
1559
1561
1561
1561
1562
1562
1565
1565
1566
1568
1569
1569
1570
1571
1571
1573
1573
1573
1574
1574
1575
1576
1577
1577
1578
1578
1578
1579
1579
1583
1583
1583
1584
1584
1584
1585
1587
1587
1587
1587
1587
1589
1591
1592
1594
1595
1595
1596
1597
1597
1598
1599
1599
1599
1599
1599
1600
1600
1603
1603
1604
1605
1605
1606
1607
1607
1608
1608
1609
1610
1610
1612
1612
1613
1613
1613
1614
1614
1615
1616
1616
1617
1618
1619
1619
1619
1621
1623
1623
1625
1626
1626
1628
1628
1631
1631
1632
1632
1635
1635
1636
1636
1639
1643
1644
1644
1646
1647
1649
1653
1654
1654
1655
1655
1655
1658
1659
1659
1660
1660
1661
1661
1666
1666
1669
1672
1674
1675
1675
1676
1677
1677
1677
1678
1680
1681
1681
1682
1686
1688
1688
1688
1689
1689
1689
1693
1694
1694
1696
1696
1697
1700
1702
1705
1705
1709
1712
1712
1713
1717
1719
1719
1719
1720
1721
1722
1724
1724
1725
1726
1726
1726
1727
1728
1730
1732
1733
1733
1734
1735
1736
1737
1738
1739
1739
1739
1740
1742
1742
1744
1746
1747
1748
1748
1753
1753
1754
1755
1757
1759
1759
1760
1761
1762
1762
1763
1763
1764
1766
1767
1770
1771
1772
1772
1772
1773
1774
1776
1778
1778
1781
1782
1784
1784
1785
1787
1790
1791
1793
1796
1796
1799
1799
1800
1801
1803
1805
1806
1807
1807
1808
1809
1810
1811
1811
1811
1812
1814
1816
1817
1820
1821
1824
1824
1825
1827
1830
1830
1832
1833
1834
1835
1836
1838
1840
1841
1842
1846
1846
1848
1849
1849
1850
1851
1853
1854
1860
1860
1863
1864
1865
1867
1867
1867
1871
1872
1872
1872
1873
1874
1875
1875
1876
1878
1878
1879
1885
1887
1887
1887
1891
1897
1902
1903
1904
1904
1906
1910
1911
1911
1913
1915
1916
1920
1925
1925
1926
1929
1930
1931
1932
1937
1939
1940
1941
1941
1942
1947
1949
1954
1959
1959
1959
1967
1970
1973
1974
1975
1975
1977
1979
1980
1980
1984
1985
1986
1986
1987
1991
1991
1996
2001
2002
2008
2013
2016
2016
2018
2018
2019
2020
2022
2024
2027
2027
2030
2034
2037
2039
2041
2042
2042
2044
2045
2048
2048
2051
2053
2055
2055
2056
2056
2058
2059
2064
2068
2077
2081
2084
2084
2086
2087
2088
2092
2093
2097
2097
2099
2101
2103
2104
2107
2108
2109
2110
2113
2113
2116
2119
2124
2125
2125
2126
2127
2129
2130
2132
2132
2138
2139
2141
2145
2149
2152
2157
2159
2165
2166
2167
2167
2171
2171
2177
2178
2181
2183
2183
2183
2184
2189
2191
2194
2203
2205
2208
2208
2217
2220
2229
2231
2238
2239
2242
2244
2247
2251
2252
2262
2265
2271
2271
2280
2281
2285
2287
2291
2294
2295
2296
2299
2300
2308
2312
2315
2324
2327
2332
2338
2339
2339
2346
2349
2350
2358
2358
2373
2376
2378
2393
2396
2397
2399
2405
2406
2406
2407
2407
2415
2421
2450
2461
2469
2469
2470
2472
2502
2505
2512
2513
2522
2522
2523
2524
2524
2526
2532
2538
2542
2547
2556
2568
2591
2595
2618
2629
2629
2630
2653
2658
2658
2663
2669
2678
2688
2695
2716
2720
2725
2732
2738
2740
2748
2763
2771
2801
2821
2838
2861
2864
2870
2875
2921
2924
2945
2999
3022
3053
3074
3097
3131
3168
3224
3234
3270
3289
3947
4473
