-3167
-2645
-2615
-2557
-2506
-2500
-2498
-2390
-2326
-2281
-2244
-2215
-2213
-2171
-2168
-2164
-2135
-2133
-2111
-2058
-2052
-2051
-2047
-2043
-2034
-1976
-1966
-1950
-1948
-1918
-1911
-1889
-1831
-1829
-1802
-1790
-1773
-1768
-1765
-1750
-1738
-1728
-1723
-1713
-1673
-1669
-1668
-1664
-1660
-1654
-1644
-1633
-1610
-1602
-1600
-1562
-1542
-1539
-1537
-1525
-1516
-1516
-1514
-1506
-1506
-1494
-1483
-1474
-1473
-1470
-1465
-1462
-1460
-1454
-1453
-1446
-1444
-1442
-1441
-1435
-1425
-1419
-1389
-1379
-1372
-1370
-1353
-1344
-1340
-1336
-1335
-1334
-1328
-1317
-1317
-1315
-1314
-1300
-1294
-1294
-1292
-1290
-1285
-1269
-1261
-1260
-1254
-1250
-1233
-1229
-1217
-1209
-1205
-1203
-1196
-1188
-1184
-1175
-1175
-1169
-1168
-1163
-1154
-1152
-1152
-1140
-1140
-1137
-1137
-1130
-1126
-1124
-1122
-1116
-1111
-1108
-1101
-1094
-1093
-1092
-1088
-1087
-1086
-1081
-1080
-1079
-1079
-1075
-1071
-1070
-1061
-1056
-1049
-1030
-1029
-1026
-1022
-1021
-1018
-1013
-1012
-1005
-1004
-1002
-1001
-1001
-1000
-997
-996
-995
-990
-986
-979
-978
-973
-971
-960
-960
-960
-958
-956
-949
-946
-943
-935
-934
-928
-915
-914
-912
-904
-904
-903
-892
-886
-881
-877
-876
-872
-866
-865
-861
-861
-853
-853
-853
-843
-842
-841
-837
-837
-835
-825
-824
-812
-810
-810
-809
-806
-805
-804
-801
-800
-796
-792
-791
-786
-781
-779
-770
-766
-762
-761
-754
-750
-747
-742
-738
-736
-735
-725
-725
-720
-717
-717
-715
-711
-708
-703
-701
-700
-699
-695
-691
-684
-683
-681
-678
-675
-673
-672
-661
-661
-660
-655
-651
-642
-641
-635
-633
-633
-630
-628
-626
-600
-596
-594
-591
-591
-586
-582
-570
-565
-559
-558
-552
-551
-549
-543
-542
-540
-539
-535
-528
-524
-519
-518
-512
-512
-511
-511
-510
-508
-505
-504
-497
-495
-494
-487
-484
-478
-474
-471
-466
-466
-456
-454
-454
-453
-451
-451
-441
-441
-437
-434
-426
-423
-412
-412
-410
-404
-402
-401
-394
-388
-388
-381
-380
-379
-378
-377
-374
-367
-364
-363
-356
-355
-352
-351
-349
-347
-346
-342
-340
-338
-337
-334
-333
-331
-327
-327
-326
-318
-316
-315
-313
-312
-308
-302
-301
-297
-288
-287
-286
-284
-283
-283
-282
-280
-279
-277
-275
-271
-268
-267
-264
-264
-254
-253
-252
-248
-247
-245
-245
-243
-241
-237
-236
-233
-227
-224
-223
-223
-222
-217
-214
-213
-209
-209
-208
-207
-204
-201
-190
-190
-187
-184
-179
-176
-175
-175
-174
-170
-167
-167
-165
-156
-153
-152
-148
-147
-146
-144
-143
-142
-142
-138
-138
-136
-134
-128
-125
-125
-124
-122
-115
-114
-113
-111
-111
-108
-106
-100
-97
-92
-90
-90
-88
-86
-84
-84
-79
-72
-71
-65
-65
-62
-62
-58
-58
-53
-44
-40
-33
-31
-31
-31
-30
-30
-28
-28
-24
-23
-18
-17
-16
-13
-13
-13
-8
-4
-1
0
2
4
8
10
12
19
20
23
24
34
37
38
39
39
41
41
42
44
49
57
57
59
62
66
67
68
68
68
69
71
71
71
72
74
76
77
80
82
83
83
89
89
90
97
99
101
102
105
105
108
112
116
118
125
126
126
128
131
133
135
136
148
153
153
155
155
156
157
160
163
168
172
179
179
181
182
189
191
191
193
196
198
198
204
207
209
211
212
213
222
228
228
230
230
230
231
233
238
239
243
244
245
245
250
255
255
256
257
258
262
263
266
267
267
270
283
284
286
291
295
296
305
305
309
310
317
318
318
320
321
327
328
331
333
333
341
341
342
348
354
354
355
357
360
367
371
372
374
376
376
383
385
385
387
389
389
389
392
394
395
398
408
409
410
412
413
416
419
421
422
424
425
428
429
433
440
442
445
446
446
446
450
450
451
458
462
466
467
479
482
482
483
489
495
495
496
498
498
498
500
506
507
513
514
517
518
519
521
526
528
529
529
530
532
537
538
545
548
549
550
553
556
559
562
567
567
569
570
574
578
582
587
594
596
598
612
618
623
626
627
630
632
633
633
633
634
640
641
642
643
656
657
658
661
662
670
671
673
674
682
686
690
694
695
698
709
709
710
712
713
717
718
719
725
728
729
729
731
732
738
747
752
754
757
761
763
763
769
771
776
778
782
786
793
796
798
799
800
805
810
811
815
820
827
834
835
836
838
845
851
853
853
853
860
863
864
867
867
873
876
876
883
886
887
890
891
901
907
910
910
915
922
922
925
926
927
932
935
942
948
950
952
959
964
965
973
974
981
986
990
992
992
999
1001
1005
1011
1018
1020
1027
1031
1034
1039
1044
1055
1058
1058
1066
1070
1072
1077
1077
1077
1087
1087
1092
1094
1097
1102
1108
1124
1126
1127
1134
1134
1137
1139
1152
1160
1160
1163
1164
1168
1172
1176
1180
1192
1199
1199
1205
1210
1221
1223
1241
1241
1242
1250
1254
1254
1273
1274
1276
1276
1277
1280
1285
1292
1297
1298
1302
1305
1306
1311
1316
1332
1338
1342
1371
1375
1377
1379
1379
1390
1395
1400
1401
1415
1419
1422
1426
1427
1456
1460
1481
1496
1500
1501
1510
1536
1545
1548
1548
1557
1586
1588
1598
1607
1621
1642
1670
1672
1675
1680
1706
1715
1716
1719
1757
1760
1760
1773
1778
1788
1820
1854
1862
1885
1889
1899
1915
1925
1932
1938
1975
2018
2045
2059
2076
2162
2192
2224
2276
2331
2376
2424
2445
2450
2460
2505
2512
2538
2546
2583
2773
2827
2855
3256
3293
