-2747.10670530
-1983.17262905
-1870.01605619
-1773.12066548
-1598.81432848
-1404.49386424
-1383.71573840
-1337.24383534
-1318.75981659
-1166.27310842
-1155.11400972
-1009.78556316
-966.32730734
-933.22713994
-915.99396034
-871.39988554
-866.04966059
-805.52822786
-787.24975681
-753.29118644
-747.75214240
-712.54826724
-693.48765453
-682.43639563
-671.38391363
-659.24221595
-621.00301819
-531.22069110
-522.27202658
-519.92047338
-516.29180048
-505.73838659
-479.75360178
-428.92511969
-427.52455607
-420.94852736
-378.67934894
-360.37757861
-298.51314908
-279.78650397
-175.44831521
-137.65188722
-96.35027814
-77.08997301
-63.75037343
-41.70803478
21.28541346
41.78541495
45.19965576
76.69512577
89.99599748
122.47147209
140.98879602
144.26392158
154.23886593
156.01208164
200.29465424
203.70147022
252.19702430
273.30574488
308.34752318
344.21767634
383.86638649
417.96275187
428.01249254
431.02549662
447.66841439
454.80564340
474.84811497
475.87851624
500.39296458
523.72309857
534.09958849
617.08171718
658.47970982
726.74400619
738.87495180
782.66873832
791.93639989
836.07371762
865.99380679
866.83575701
874.18699028
952.93863409
1057.92165969
1065.47262490
1152.21520692
1173.12906879
1247.44291407
1263.04344265
1316.61322167
1359.58702577
1482.26764695
1499.73931178
1515.91139170
1602.18682953
1898.33551559
2079.92232801
2185.88624820
2835.20116721
