-3167.85215501
-2645.39215704
-2615.25146056
-2557.52989790
-2506.63745217
-2500.87263697
-2498.77304867
-2390.62624278
-2326.27311674
-2281.63403438
-2244.18142795
-2215.33341278
-2213.14636939
-2171.06289202
-2168.09693786
-2164.26814578
-2135.86257058
-2133.52573710
-2111.47191205
-2058.14729593
-2052.76049652
-2051.71694211
-2047.16687964
-2043.51533830
-2034.13990719
-1976.31835471
-1966.84635630
-1950.71103978
-1948.30068086
-1918.02466565
-1911.20461356
-1889.36089793
-1831.24104381
-1829.87833198
-1802.54565987
-1790.35833813
-1773.52664590
-1768.55461346
-1765.51002310
-1750.71523719
-1738.46513058
-1728.86593258
-1723.44426288
-1713.19233519
-1673.36345395
-1669.41969086
-1668.11863769
-1664.18208453
-1660.98443977
-1654.77668259
-1644.23904462
-1633.56268428
-1610.33624946
-1602.53733077
-1600.72326470
-1562.58991295
-1542.21072512
-1539.80352389
-1537.21872686
-1525.16990720
-1516.73525577
-1516.19316469
-1514.46121385
-1506.82438007
-1506.52492121
-1494.65467327
-1483.77820413
-1474.48096538
-1473.52856456
-1470.97851874
-1465.95083970
-1462.51844063
-1460.24853632
-1454.52578303
-1453.77566322
-1446.24446124
-1444.41136265
-1442.38544385
-1441.33681495
-1435.95468357
-1425.07501257
-1419.42091636
-1389.48805156
-1379.01200604
-1372.46528255
-1370.08355335
-1353.17323192
-1344.93613629
-1340.83665327
-1336.00455032
-1335.56997624
-1334.08987011
-1328.96963600
-1317.78896082
-1317.51573904
-1315.86793808
-1314.94673180
-1300.00960308
-1294.66549293
-1294.09499045
-1292.01235321
-1290.60513741
-1285.92823908
-1269.27053844
-1261.14093260
-1260.48493945
-1254.46212029
-1250.95428250
-1233.83820166
-1229.66051901
-1217.66659181
-1209.53579685
-1205.80118799
-1203.64586230
-1196.80143290
-1188.16107945
-1184.28679434
-1175.89558557
-1175.05699391
-1169.54083909
-1168.41549915
-1163.60110559
-1154.33938355
-1152.94824365
-1152.07184451
-1140.46827655
-1140.07085604
-1137.53071280
-1137.15967224
-1130.49370698
-1126.89452019
-1124.49516089
-1122.94095085
-1116.65741390
-1111.68624606
-1108.67331796
-1101.01357197
-1094.23849053
-1093.04952369
-1092.82401065
-1088.01831758
-1087.83151979
-1086.96308772
-1081.18233252
-1080.59996535
-1079.93478626
-1079.63101982
-1075.86951918
-1071.83141499
-1070.26792448
-1061.97117052
-1056.90656658
-1049.20071683
-1030.25837502
-1029.64926517
-1026.54519778
-1022.58215878
-1021.13778948
-1018.25010234
-1013.46960230
-1012.42807365
-1005.44142807
-1004.39838070
-1002.62521759
-1001.93455304
-1001.11620086
-1000.54392837
-997.39619312
-996.48389045
-995.03717626
-990.82258559
-986.73079426
-979.11139429
-978.20701630
-973.48849705
-971.07740248
-960.34647349
-960.34569310
-960.27424620
-958.39415677
-956.91254372
-949.79405134
-946.27371202
-943.03351322
-935.89376763
-934.16432711
-928.10601561
-915.84760375
-914.53674037
-912.28539228
-904.36705720
-904.14266996
-903.69007030
-892.73181220
-886.70359980
-881.91234799
-877.45440349
-876.30250366
-872.78375604
-866.77644714
-865.80562034
-861.83749226
-861.44333157
-853.13796034
-853.06096121
-853.01821621
-843.20284681
-842.01921777
-841.39565610
-837.77587962
-837.72472823
-835.92481684
-825.57779246
-824.63452950
-812.97617472
-810.94147052
-810.32707781
-809.86675296
-806.51560673
-805.93375775
-804.16089956
-801.04824690
-800.79926523
-796.34444059
-792.17476654
-791.74494647
-786.78187854
-781.99308414
-779.41982202
-770.35847268
-766.40319996
-762.53233986
-761.83412459
-754.74714208
-750.19078940
-747.14002845
-742.66746195
-738.84798442
-736.82110064
-735.10872611
-725.97909463
-725.67657292
-720.41515473
-717.81659250
-717.00692083
-715.23185606
-711.61273395
-708.50120261
-703.76009783
-701.12102117
-700.03175185
-699.56157426
-695.36851011
-691.89009691
-684.43965552
-683.82818942
-681.26664615
-678.38548024
-675.60495576
-673.64288654
-672.38987388
-661.71053635
-661.41823966
-660.37542646
-655.35615581
-651.12420570
-642.42844866
-641.75920895
-635.32706611
-633.79214569
-633.43602699
-630.81678346
-628.97996471
-626.06170493
-600.65926626
-596.07856890
-594.34912920
-591.47334057
-591.31490019
-586.18684334
-582.86676249
-570.71485759
-565.83333145
-559.91542251
-558.27475901
-552.75013293
-551.32779115
-549.78658392
-543.42331617
-542.51301562
-540.76421198
-539.08733668
-535.35161471
-528.68445672
-524.12472707
-519.05831765
-518.51263098
-512.10318113
-512.00221275
-511.80224328
-511.05923231
-510.44141742
-508.69722204
-505.54764794
-504.88944253
-497.76891374
-495.83850308
-494.82234881
-487.65949998
-484.13076196
-478.77120446
-474.21070253
-471.86195024
-466.89361342
-466.01853691
-456.52655919
-454.92514430
-454.15620003
-453.34939315
-451.55741920
-451.46672450
-441.93150177
-441.77810959
-437.40172009
-434.52045763
-426.77939559
-423.21458707
-412.48153271
-412.36314954
-410.77304865
-404.77417967
-402.86282498
-401.80877459
-394.49277155
-388.91074440
-388.30434132
-381.79109759
-380.78041463
-379.78096078
-378.87918040
-377.26592969
-374.62508961
-367.55593741
-364.58697780
-363.07519041
-356.14900438
-355.93684145
-352.07579932
-351.77093663
-349.45110393
-347.56462232
-346.24401623
-342.75971937
-340.68236051
-338.02222237
-337.58566479
-334.34383455
-333.59573961
-331.14445693
-327.61024086
-327.13891195
-326.47823178
-318.32098989
-316.12824546
-315.45829296
-313.11647534
-312.78317519
-308.25696938
-302.09448112
-301.49452640
-297.03717918
-288.94564881
-287.47910224
-286.33799860
-284.73085171
-283.84927876
-283.09204455
-282.25288679
-280.17200302
-279.42113422
-277.61967510
-275.90171387
-271.84627603
-268.99471812
-267.89362040
-264.80693551
-264.11693622
-254.58382851
-253.45699562
-252.29577933
-248.55486134
-247.43258360
-245.65044561
-245.18202983
-243.27779151
-241.51939622
-237.17045747
-236.02911026
-233.34176948
-227.81882524
-224.25338846
-223.44882790
-223.29849993
-222.12988709
-217.75702117
-214.73876940
-213.03650261
-209.66715229
-209.54779794
-208.16546286
-207.35253351
-204.95503344
-201.46246377
-190.74774736
-190.34766111
-187.07692674
-184.65859104
-179.67933604
-176.35950470
-175.73177387
-175.03717508
-174.56173138
-170.47034011
-167.82605646
-167.72515533
-165.62051228
-156.55433228
-153.17636263
-152.13509668
-148.79794553
-147.98488159
-146.72915122
-144.74727555
-143.11830192
-142.13389408
-142.06815197
-138.84755857
-138.49536285
-136.40037967
-134.72228377
-128.64845819
-125.46270736
-125.38698737
-124.08831338
-122.00262672
-115.60865894
-114.79947633
-113.82767505
-111.74365270
-111.60355432
-108.82952284
-106.52009679
-100.66087597
-97.99247730
-92.49359804
-90.70967723
-90.33335384
-88.88434185
-86.80298672
-84.32373412
-84.00582243
-79.26496245
-72.58063797
-71.34920723
-65.76812144
-65.24121291
-62.35568992
-62.24926915
-58.59536609
-58.12239710
-53.02916983
-44.34321381
-40.52866177
-33.14020994
-31.77265581
-31.62263469
-31.58266913
-30.84420431
-30.25871262
-28.84701690
-28.51490112
-24.94894049
-23.15668991
-18.86757453
-17.70621598
-16.69422360
-13.94225965
-13.91879361
-13.44165043
-8.63645743
-4.46940326
-1.80557400
0.46258771
2.22883855
4.45691478
8.79630376
10.98902103
12.52993820
19.92174242
20.08367901
23.96302887
24.49956433
34.89265888
37.44284469
38.98743413
39.68313487
39.92108845
41.14497559
41.29970661
42.48681776
44.35673500
49.61792208
57.42248730
57.95076880
59.37386315
62.13757856
66.67193145
67.83759704
68.44696308
68.59487552
68.97026424
69.41541214
71.53561953
71.94147831
71.96648815
72.51563957
74.31323836
76.61516767
77.38164100
80.05791835
82.33733915
83.18279664
83.85025903
89.32573340
89.93618298
90.74614970
97.60201364
99.87687133
101.61987730
102.41557088
105.15783809
105.90978549
108.14545512
112.36701623
116.44856743
118.53585367
125.12870780
126.44190107
126.46471420
128.96352414
131.72040160
133.15361629
135.16101515
136.39253516
148.67291419
153.03454323
153.72562846
155.53205910
155.59190889
156.39857886
157.93337964
160.68128864
163.23597501
168.37258912
172.39218651
179.28799240
179.88691851
181.43817173
182.02363065
189.78436555
191.06051205
191.78054120
193.26163167
196.73414950
198.01497454
198.33082314
204.54067234
207.30820365
209.25128203
211.80182565
212.83792046
213.15715925
222.34742796
228.30305923
228.41332850
230.30897527
230.40276608
230.82820578
231.36351242
233.86697246
238.48243434
239.98480991
243.22905164
244.76805764
245.22008054
245.79418434
250.63858473
255.08085205
255.64040166
256.78256141
257.89240857
258.45517822
262.43082136
263.32469102
266.49016726
267.76850750
267.82066386
270.07369158
283.15509892
284.66950136
286.45818204
291.17673773
295.78239866
296.80387789
305.26445356
305.35280011
309.61008931
310.16362947
317.71288209
318.28987507
318.43947536
320.61996655
321.14388099
327.68452550
328.78619426
331.23250862
333.01466284
333.62415345
341.74130170
341.88270484
342.11528387
348.53833513
354.05848782
354.39181330
355.99100389
357.15927976
360.31462609
367.56816463
371.53846136
372.54875639
374.42099192
376.46783057
376.58322319
383.57599447
385.49561051
385.60508513
387.71705140
389.11439405
389.43500374
389.95849790
392.56283909
394.12634861
395.62701199
398.66341304
408.93659355
409.41322026
410.67228756
412.50272053
413.70703548
416.42114411
419.57792063
421.31155892
422.43065953
424.16591162
425.90604409
428.01480977
429.19870608
433.67674118
440.13599738
442.22447642
445.27469257
446.11176715
446.55708224
446.92605155
450.43430529
450.79494346
451.99947866
458.80406485
462.42921664
466.03444982
467.16609002
479.53424064
482.02531796
482.65381391
483.99193082
489.82507570
495.49540376
495.88840927
496.80442986
498.47007011
498.60573282
498.69499905
500.46469582
506.89394149
507.00361864
513.05961420
514.68197603
517.09638471
518.33678074
519.88659973
521.70661404
526.37218166
528.74432574
529.25042162
529.56757662
530.27281152
532.76833046
537.23573080
538.40714477
545.99985306
548.83861966
549.81403010
550.79366361
553.02278224
556.06939807
559.81501196
562.77318029
567.20984184
567.44502560
569.86398466
570.67781711
574.12596734
578.31347383
582.69310825
587.74451483
594.36174856
596.82921730
598.66488836
612.26231243
618.83599396
623.49510244
626.10016649
627.91153997
630.37113324
632.33368702
633.28041874
633.54037663
633.63301621
634.19000041
640.47636006
641.59835133
642.36799883
643.90428029
656.09145616
657.64552983
658.09519638
661.80604643
662.58466914
670.83256151
671.13898749
673.32788344
674.61999829
682.68874262
686.45500786
690.58141308
694.99766715
695.71030808
698.41048265
709.72518350
709.97289886
710.43052940
712.02131391
713.69877924
717.24062472
718.55233257
719.79084811
725.14451686
728.30962204
729.11727242
729.21325456
731.59446946
732.82918516
738.12194757
747.90069883
752.60092723
754.66356099
757.06643053
761.80761155
763.07669401
763.98793485
769.18234879
771.28830944
776.11396247
778.45405998
782.38278862
786.86964180
793.94913541
796.98490812
798.04644136
799.06350649
800.93437192
805.23336469
810.92633817
811.98169877
815.72883081
820.72965907
827.55591611
834.36780422
835.71905546
836.52855817
838.25076056
845.82995586
851.07830754
853.04851040
853.29968624
853.60441360
860.27487668
863.08154352
864.73671552
867.19549868
867.56646216
873.41451378
876.35411052
876.47552926
883.82655527
886.06302451
887.67761550
890.25928732
891.83068856
901.82453125
907.46605141
910.57708333
910.71565152
915.89517439
922.43042515
922.93763748
925.07372226
926.89225639
927.81135008
932.70448412
935.95076978
942.63683521
948.87761910
950.96722371
952.11017510
959.85074668
964.84572744
965.90831554
973.69628481
974.75505688
981.23356617
986.56727038
990.69740940
992.37939801
992.56207809
999.38932989
1001.63515915
1005.48183808
1011.83321629
1018.82919000
1020.17077724
1027.57145781
1031.42400812
1034.81828958
1039.96101435
1044.32665716
1055.26196792
1058.09811935
1058.86887166
1066.93973416
1070.55301891
1072.59924313
1077.03304486
1077.37003195
1077.63899152
1087.79743686
1087.85613745
1092.22385184
1094.04339800
1097.57864726
1102.21980111
1108.44683254
1124.52268382
1126.73474788
1127.57867099
1134.36161543
1134.87488179
1137.12064401
1139.97570532
1152.92086646
1160.59683671
1160.79696744
1163.10081190
1164.54156491
1168.53823521
1172.00987743
1176.04652342
1180.89770237
1192.45319974
1199.10770120
1199.78263248
1205.14097175
1210.95874188
1221.04833770
1223.61283845
1241.09316601
1241.83492365
1242.36716663
1250.30769819
1254.40138760
1254.54823731
1273.35769442
1274.20517361
1276.13261619
1276.76996277
1277.36855187
1280.36652887
1285.27172093
1292.59239375
1297.00182426
1298.37552771
1302.15292287
1305.74364181
1306.23351067
1311.70798858
1316.51549993
1332.95073130
1338.73054964
1342.34538388
1371.53233122
1375.04744359
1377.27345272
1379.17804821
1379.60149747
1390.58842247
1395.54241314
1400.91049751
1401.79698623
1415.40747069
1419.42830586
1422.45125306
1426.87611359
1427.08555290
1456.49121415
1460.49304573
1481.66792628
1496.27821341
1500.24540272
1501.00676886
1510.64762267
1536.56660937
1545.20374913
1548.17925445
1548.56316038
1557.54073730
1586.16713229
1588.46546469
1598.93768080
1607.75109127
1621.13900097
1642.18470198
1670.18070111
1672.92585984
1675.56294600
1680.30297085
1706.08431033
1715.67841190
1716.17422248
1719.35359248
1757.21027999
1760.11633390
1760.62239657
1773.88911091
1778.21736513
1788.86247082
1820.00587825
1854.48377456
1862.35257804
1885.78551128
1889.26223752
1899.73768306
1915.31620841
1925.02450807
1932.51185219
1938.32999039
1975.74644624
2018.08950654
2045.95971656
2059.31031125
2076.11322019
2162.04590098
2192.13789516
2224.23755646
2276.31745112
2331.91395450
2376.52978707
2424.27820793
2445.22974691
2450.36918805
2460.28091608
2505.60774801
2512.64863956
2538.95572093
2546.21369247
2583.00045945
2773.32932801
2827.37900601
2855.98483089
3256.19796726
3293.62743276
